_id,month,town,flat_type,block,street_name,storey_range,floor_area_sqm,flat_model,lease_commence_date,remaining_lease,resale_price,address,postal,latitude,longitude,_ts
197034,2025-09,ANG MO KIO,3 ROOM,331,ANG MO KIO AVE 1,04 TO 06,68.0,New Generation,1981,54 years 05 months,420888.0,331 ANG MO KIO AVE 1,560331,1.36211140145298,103.85076647513,2025-09-01
197219,2025-09,ANG MO KIO,3 ROOM,121,ANG MO KIO AVE 3,04 TO 06,67.0,New Generation,1978,52 years 02 months,432000.0,121 ANG MO KIO AVE 3,560121,1.36970563478325,103.843515981311,2025-09-01
197570,2025-09,ANG MO KIO,4 ROOM,588D,ANG MO KIO ST 52,25 TO 27,91.0,DBSS,2011,85 years,1000000.0,588D ANG MO KIO ST 52,564588,1.37175400663025,103.8538833087,2025-09-01
197592,2025-09,ANG MO KIO,5 ROOM,545,ANG MO KIO AVE 10,16 TO 18,118.0,Improved,1981,54 years 05 months,808000.0,545 ANG MO KIO AVE 10,560545,1.37317921904936,103.856294541429,2025-09-01
197974,2025-09,BEDOK,3 ROOM,22,BEDOK STH AVE 1,13 TO 15,73.0,New Generation,1977,50 years 09 months,435000.0,22 BEDOK STH AVE 1,460022,1.3228317365472,103.932852166088,2025-09-01
197976,2025-09,BEDOK,3 ROOM,33,BEDOK STH AVE 2,04 TO 06,73.0,New Generation,1978,51 years 07 months,416888.0,33 BEDOK STH AVE 2,460033,1.32283703302242,103.939124525951,2025-09-01
198192,2025-09,BEDOK,4 ROOM,187B,BEDOK NTH ST 4,04 TO 06,93.0,Model A,2018,92 years 04 months,768000.0,187B BEDOK NTH ST 4,462187,1.33038146607469,103.940088401203,2025-09-01
198257,2025-09,BEDOK,4 ROOM,709,BEDOK RESERVOIR RD,07 TO 09,93.0,New Generation,1981,54 years 11 months,575000.0,709 BEDOK RESERVOIR RD,470709,1.33541606639526,103.922350069667,2025-09-01
198258,2025-09,BEDOK,4 ROOM,718,BEDOK RESERVOIR RD,01 TO 03,104.0,Model A,1984,57 years 05 months,545000.0,718 BEDOK RESERVOIR RD,470718,1.3366305993765,103.92574851611,2025-09-01
198298,2025-09,BEDOK,4 ROOM,37,BEDOK STH AVE 2,07 TO 09,84.0,Improved,1977,51 years 01 month,525000.0,37 BEDOK STH AVE 2,460037,1.32190663617287,103.939847213862,2025-09-01
198537,2025-09,BEDOK,EXECUTIVE,108,LENGKONG TIGA,04 TO 06,146.0,Maisonette,1989,62 years 06 months,1230000.0,108 LENGKONG TIGA,410108,1.32456370966495,103.91013096847,2025-09-01
198619,2025-09,BISHAN,4 ROOM,107,BISHAN ST 12,10 TO 12,104.0,Model A,1985,59 years 03 months,818000.0,107 BISHAN ST 12,570107,1.34641761420969,103.847920706844,2025-09-01
198634,2025-09,BISHAN,4 ROOM,182,BISHAN ST 13,04 TO 06,83.0,Simplified,1987,60 years 11 months,710000.0,182 BISHAN ST 13,570182,1.35020582481902,103.853049203745,2025-09-01
198657,2025-09,BISHAN,4 ROOM,262,BISHAN ST 22,07 TO 09,112.0,Model A,1992,66 years,888888.0,262 BISHAN ST 22,570262,1.3592501119015,103.842623959859,2025-09-01
198658,2025-09,BISHAN,4 ROOM,285,BISHAN ST 22,13 TO 15,108.0,Model A,1992,66 years,890000.0,285 BISHAN ST 22,570285,1.35884086169807,103.843854009321,2025-09-01
198743,2025-09,BISHAN,5 ROOM,190,BISHAN ST 13,04 TO 06,121.0,Improved,1987,60 years 05 months,999888.0,190 BISHAN ST 13,570190,1.35055492734245,103.852044535915,2025-09-01
199272,2025-09,BUKIT BATOK,4 ROOM,463A,BT BATOK ST 41,10 TO 12,93.0,Model A,2021,94 years 11 months,688000.0,463A BT BATOK ST 41,651463,1.35633162419305,103.742194589628,2025-09-01
199497,2025-09,BUKIT BATOK,4 ROOM,449B,BT BATOK WEST AVE 9,10 TO 12,93.0,Model A,2019,92 years 07 months,718000.0,449B BT BATOK WEST AVE 9,652449,1.35197886358706,103.741081176999,2025-09-01
199515,2025-09,BUKIT BATOK,5 ROOM,292C,BT BATOK EAST AVE 6,34 TO 36,113.0,Improved,2019,92 years 05 months,972000.0,292C BT BATOK EAST AVE 6,653292,1.34497578759799,103.753614683753,2025-09-01
199584,2025-09,BUKIT BATOK,5 ROOM,463B,BT BATOK ST 41,01 TO 03,113.0,Improved,2021,94 years 11 months,710000.0,463B BT BATOK ST 41,652463,1.35704936773958,103.742307951488,2025-09-01
199643,2025-09,BUKIT BATOK,5 ROOM,451B,BT BATOK WEST AVE 6,13 TO 15,113.0,Improved,2019,92 years 07 months,823888.0,451B BT BATOK WEST AVE 6,652451,1.35248381356888,103.743414725495,2025-09-01
199732,2025-09,BUKIT BATOK,EXECUTIVE,353,BT BATOK ST 34,01 TO 03,154.0,Maisonette,1986,59 years 08 months,840000.0,353 BT BATOK ST 34,650353,1.36174956356313,103.749798704078,2025-09-01
200128,2025-09,BUKIT MERAH,4 ROOM,102,HENDERSON CRES,10 TO 12,80.0,Standard,1970,43 years 11 months,500000.0,102 HENDERSON CRES,150102,1.290366187147,103.82157708445,2025-09-01
200310,2025-09,BUKIT MERAH,4 ROOM,92B,TELOK BLANGAH ST 31,10 TO 12,93.0,Model A,2018,92 years 04 months,976666.0,92B TELOK BLANGAH ST 31,102092,1.27587916988466,103.80732980539,2025-09-01
200348,2025-09,BUKIT MERAH,5 ROOM,103B,DEPOT RD,16 TO 18,115.0,Improved,2002,75 years 09 months,850000.0,103B DEPOT RD,102103,1.28073692384594,103.813135678562,2025-09-01
200438,2025-09,BUKIT PANJANG,2 ROOM,488,SEGAR RD,13 TO 15,47.0,Model A,2014,88 years 04 months,375000.0,488 SEGAR RD,670488,1.38952670931463,103.771409031633,2025-09-01
200806,2025-09,BUKIT PANJANG,5 ROOM,537,BT PANJANG RING RD,16 TO 18,122.0,Improved,1999,72 years 10 months,763000.0,537 BT PANJANG RING RD,670537,1.38372140816294,103.763127776187,2025-09-01
201133,2025-09,CENTRAL AREA,4 ROOM,1B,CANTONMENT RD,22 TO 24,93.0,Type S1,2011,84 years 05 months,1450000.0,1B CANTONMENT RD,85201,1.27779940676005,103.841403430465,2025-09-01
201759,2025-09,CHOA CHU KANG,5 ROOM,502,CHOA CHU KANG ST 51,01 TO 03,128.0,Improved,1995,68 years 06 months,620000.0,502 CHOA CHU KANG ST 51,680502,1.38910701991989,103.743365257042,2025-09-01
201998,2025-09,CLEMENTI,3 ROOM,312A,CLEMENTI AVE 4,07 TO 09,69.0,Model A,2017,91 years 01 month,675000.0,312A CLEMENTI AVE 4,121312,1.31908894426179,103.764441220265,2025-09-01
202040,2025-09,CLEMENTI,3 ROOM,602,CLEMENTI WEST ST 1,07 TO 09,67.0,New Generation,1979,53 years 03 months,438000.0,602 CLEMENTI WEST ST 1,120602,1.305104400087,103.766311863504,2025-09-01
202071,2025-09,CLEMENTI,3 ROOM,731,CLEMENTI WEST ST 2,07 TO 09,68.0,New Generation,1980,53 years 10 months,388000.0,731 CLEMENTI WEST ST 2,120731,1.30440046544571,103.762746222568,2025-09-01
202257,2025-09,CLEMENTI,5 ROOM,356,CLEMENTI AVE 2,07 TO 09,117.0,Standard,1978,51 years 07 months,800000.0,356 CLEMENTI AVE 2,120356,1.31395967091571,103.769831365969,2025-09-01
202633,2025-09,GEYLANG,4 ROOM,92,PIPIT RD,04 TO 06,102.0,Model A,1997,70 years 08 months,700000.0,92 PIPIT RD,370092,1.32319473990265,103.887350625629,2025-09-01
202799,2025-09,HOUGANG,3 ROOM,991B,BUANGKOK LINK,13 TO 15,68.0,Model A,2019,92 years 10 months,525000.0,991B BUANGKOK LINK,532991,1.38398477376889,103.882486324738,2025-09-01
202838,2025-09,HOUGANG,3 ROOM,102,HOUGANG AVE 1,04 TO 06,77.0,Model A,1984,57 years 05 months,458000.0,102 HOUGANG AVE 1,530102,1.35496446293882,103.890855054687,2025-09-01
202982,2025-09,HOUGANG,3 ROOM,501,HOUGANG AVE 8,04 TO 06,64.0,Simplified,1986,59 years 09 months,440000.0,501 HOUGANG AVE 8,530501,1.37205269626364,103.886531403839,2025-09-01
203024,2025-09,HOUGANG,3 ROOM,476A,UPP SERANGOON VIEW,04 TO 06,68.0,Premium Apartment,2016,89 years 07 months,575000.0,476A UPP SERANGOON VIEW,531476,1.37676038157719,103.904050364711,2025-09-01
203068,2025-09,HOUGANG,4 ROOM,985A,BUANGKOK CRES,07 TO 09,85.0,Model A2,2004,77 years 07 months,578888.0,985A BUANGKOK CRES,531985,1.38119524848792,103.880066269687,2025-09-01
203151,2025-09,HOUGANG,4 ROOM,168,HOUGANG AVE 1,10 TO 12,100.0,Model A,1997,71 years 04 months,680000.0,168 HOUGANG AVE 1,530168,1.35214138339205,103.889540957058,2025-09-01
203207,2025-09,HOUGANG,4 ROOM,602,HOUGANG AVE 4,07 TO 09,104.0,Model A,1985,59 years,630000.0,602 HOUGANG AVE 4,530602,1.37123297855584,103.88691800304,2025-09-01
203531,2025-09,HOUGANG,5 ROOM,467,HOUGANG AVE 8,01 TO 03,122.0,Improved,1992,66 years 02 months,765000.0,467 HOUGANG AVE 8,530467,1.37307287188357,103.89685749928,2025-09-01
203913,2025-09,JURONG EAST,4 ROOM,268,TOH GUAN RD,07 TO 09,101.0,Model A,1999,72 years 06 months,648000.0,268 TOH GUAN RD,600268,1.34186652871068,103.74503522598,2025-09-01
204018,2025-09,JURONG EAST,EXECUTIVE,285A,TOH GUAN RD,07 TO 09,144.0,Apartment,1998,72 years 04 months,1100000.0,285A TOH GUAN RD,601285,1.33853822943852,103.746223402195,2025-09-01
204255,2025-09,JURONG WEST,3 ROOM,530,JURONG WEST ST 52,10 TO 12,67.0,New Generation,1983,57 years,408000.0,530 JURONG WEST ST 52,640530,1.34853287172023,103.715468146297,2025-09-01
204339,2025-09,JURONG WEST,4 ROOM,197C,BOON LAY DR,07 TO 09,93.0,Model A,2015,88 years 08 months,660000.0,197C BOON LAY DR,643197,1.34340319524201,103.713686073692,2025-09-01
204540,2025-09,JURONG WEST,4 ROOM,664A,JURONG WEST ST 64,16 TO 18,91.0,Model A,2000,73 years 11 months,618888.0,664A JURONG WEST ST 64,641664,1.33920641630237,103.703397452008,2025-09-01
204767,2025-09,JURONG WEST,5 ROOM,367,CORPORATION DR,01 TO 03,122.0,Improved,1997,71 years,630000.0,367 CORPORATION DR,610367,1.33769782307079,103.719145674511,2025-09-01
205095,2025-09,JURONG WEST,EXECUTIVE,470,JURONG WEST ST 41,01 TO 03,151.0,Maisonette,1985,59 years,800000.0,470 JURONG WEST ST 41,640470,1.34812456721799,103.721159144251,2025-09-01
205311,2025-09,KALLANG/WHAMPOA,3 ROOM,117A,JLN TENTERAM,01 TO 03,67.0,Model A,2017,91 years 04 months,540000.0,117A JLN TENTERAM,321117,1.3282335842715,103.861138402914,2025-09-01
205429,2025-09,KALLANG/WHAMPOA,3 ROOM,34,WHAMPOA WEST,01 TO 03,68.0,Improved,1972,45 years 05 months,388000.0,34 WHAMPOA WEST,330034,1.32050169556608,103.863341271367,2025-09-01
205568,2025-09,KALLANG/WHAMPOA,4 ROOM,111,MCNAIR RD,13 TO 15,84.0,Simplified,1987,60 years 08 months,720000.0,111 MCNAIR RD,320111,1.32130398839445,103.858272728064,2025-09-01
205569,2025-09,KALLANG/WHAMPOA,4 ROOM,113A,MCNAIR RD,22 TO 24,93.0,Premium Apartment,2017,91 years 04 months,1020000.0,113A MCNAIR RD,322113,1.32142575611025,103.860194689384,2025-09-01
205686,2025-09,KALLANG/WHAMPOA,5 ROOM,7,BOON KENG RD,25 TO 27,119.0,DBSS,2011,84 years 05 months,1540000.0,7 BOON KENG RD,330007,1.31678922529744,103.861781918434,2025-09-01
206030,2025-09,PASIR RIS,4 ROOM,517,PASIR RIS ST 52,01 TO 03,106.0,Model A,1993,67 years 04 months,645000.0,517 PASIR RIS ST 52,510517,1.37468101222365,103.943850333671,2025-09-01
206079,2025-09,PASIR RIS,5 ROOM,629,PASIR RIS DR 3,04 TO 06,122.0,Improved,1995,68 years 09 months,700000.0,629 PASIR RIS DR 3,510629,1.37900666267017,103.940572426576,2025-09-01
206308,2025-09,PUNGGOL,2 ROOM,405A,NORTHSHORE DR,04 TO 06,47.0,Model A,2021,94 years 09 months,398000.0,405A NORTHSHORE DR,821405,1.415497774791,103.901372473253,2025-09-01
206339,2025-09,PUNGGOL,2 ROOM,222A,SUMANG LANE,04 TO 06,37.0,Model A,2018,92 years 04 months,380000.0,222A SUMANG LANE,821222,1.40112566398084,103.893476425427,2025-09-01
206386,2025-09,PUNGGOL,3 ROOM,613C,PUNGGOL DR,16 TO 18,68.0,Model A,2012,86 years 04 months,570000.0,613C PUNGGOL DR,823613,1.40398321711595,103.908663894394,2025-09-01
206391,2025-09,PUNGGOL,3 ROOM,259B,PUNGGOL FIELD,10 TO 12,68.0,Model A,2016,89 years 10 months,530000.0,259B PUNGGOL FIELD,822259,1.40387830838582,103.895238808655,2025-09-01
206602,2025-09,PUNGGOL,4 ROOM,408B,NORTHSHORE DR,16 TO 18,94.0,Model A,2021,94 years 09 months,770000.0,408B NORTHSHORE DR,822408,1.41720536186439,103.903199687378,2025-09-01
206646,2025-09,PUNGGOL,4 ROOM,643,PUNGGOL CTRL,01 TO 03,90.0,Premium Apartment,2005,78 years 05 months,570000.0,643 PUNGGOL CTRL,820643,1.39731946011017,103.916018571836,2025-09-01
206870,2025-09,PUNGGOL,4 ROOM,208C,PUNGGOL PL,07 TO 09,92.0,Model A,2014,87 years 10 months,686888.0,208C PUNGGOL PL,823208,1.40094119675936,103.901144550587,2025-09-01
207099,2025-09,PUNGGOL,5 ROOM,171B,EDGEDALE PLAINS,10 TO 12,110.0,Improved,2004,77 years 05 months,702000.0,171B EDGEDALE PLAINS,822171,1.39497731786872,103.912717529753,2025-09-01
207498,2025-09,QUEENSTOWN,3 ROOM,5,GHIM MOH RD,10 TO 12,65.0,Improved,1976,49 years 11 months,428000.0,5 GHIM MOH RD,270005,1.31269310627626,103.788308828224,2025-09-01
207514,2025-09,QUEENSTOWN,3 ROOM,8,HOLLAND AVE,10 TO 12,59.0,Improved,1974,47 years 09 months,482000.0,8 HOLLAND AVE,271008,1.30651406379174,103.794222994827,2025-09-01
207552,2025-09,QUEENSTOWN,3 ROOM,160,MEI LING ST,07 TO 09,72.0,Improved,1970,43 years 11 months,425000.0,160 MEI LING ST,140160,1.29209690708572,103.804229821165,2025-09-01
207641,2025-09,QUEENSTOWN,4 ROOM,92,DAWSON RD,22 TO 24,97.0,Premium Apartment Loft,2016,89 years 08 months,1255888.0,92 DAWSON RD,141092,1.29512086158743,103.81115001607,2025-09-01
207686,2025-09,QUEENSTOWN,4 ROOM,29,GHIM MOH LINK,07 TO 09,93.0,Model A,2018,91 years 10 months,1020000.0,29 GHIM MOH LINK,270029,1.30869473784381,103.784048768238,2025-09-01
208044,2025-09,SEMBAWANG,4 ROOM,484,ADMIRALTY LINK,04 TO 06,90.0,Model A,2003,76 years 11 months,509000.0,484 ADMIRALTY LINK,750484,1.45707121613828,103.815308448775,2025-09-01
208285,2025-09,SEMBAWANG,4 ROOM,126C,CANBERRA ST,10 TO 12,96.0,Model A,2020,94 years 02 months,730000.0,126C CANBERRA ST,753126,1.44614061239177,103.834964649867,2025-09-01
208398,2025-09,SEMBAWANG,4 ROOM,463C,SEMBAWANG DR,04 TO 06,92.0,Model A,2015,88 years 09 months,585000.0,463C SEMBAWANG DR,753463,1.45623509145475,103.814292200264,2025-09-01
209044,2025-09,SENGKANG,4 ROOM,331B,ANCHORVALE ST,04 TO 06,92.0,Model A,2015,89 years,636888.0,331B ANCHORVALE ST,542331,1.39567244030632,103.890125430899,2025-09-01
209708,2025-09,SENGKANG,5 ROOM,278A,COMPASSVALE BOW,13 TO 15,113.0,Improved,2017,91 years 03 months,1010000.0,278A COMPASSVALE BOW,541278,1.38188082172346,103.890295472102,2025-09-01
209858,2025-09,SENGKANG,5 ROOM,415B,FERNVALE LINK,13 TO 15,113.0,Improved,2016,89 years 05 months,830000.0,415B FERNVALE LINK,792415,1.38884403585275,103.880083476817,2025-09-01
209914,2025-09,SENGKANG,5 ROOM,157B,RIVERVALE CRES,07 TO 09,111.0,Premium Apartment,2003,77 years 02 months,585000.0,157B RIVERVALE CRES,542157,1.38763106364664,103.908232918823,2025-09-01
210224,2025-09,SERANGOON,4 ROOM,332,SERANGOON AVE 3,04 TO 06,103.0,Model A,1986,59 years 07 months,875000.0,332 SERANGOON AVE 3,550332,1.35101719466947,103.870185119998,2025-09-01
210399,2025-09,SERANGOON,EXECUTIVE,535,SERANGOON NTH AVE 4,01 TO 03,147.0,Maisonette,1992,66 years 03 months,983888.0,535 SERANGOON NTH AVE 4,550535,1.37380603093526,103.873980237636,2025-09-01
210539,2025-09,TAMPINES,3 ROOM,203,TAMPINES ST 21,04 TO 06,79.0,Model A,1983,57 years 02 months,475000.0,203 TAMPINES ST 21,520203,1.35221380431142,103.952454044118,2025-09-01
210649,2025-09,TAMPINES,3 ROOM,898,TAMPINES ST 81,10 TO 12,74.0,Model A,1988,61 years 08 months,508000.0,898 TAMPINES ST 81,520898,1.3472811716457,103.934756968904,2025-09-01
211114,2025-09,TAMPINES,4 ROOM,362,TAMPINES ST 34,07 TO 09,107.0,Model A,1996,69 years 07 months,622000.0,362 TAMPINES ST 34,520362,1.35625122843632,103.961576641177,2025-09-01
211274,2025-09,TAMPINES,4 ROOM,864,TAMPINES ST 83,01 TO 03,104.0,Model A,1988,61 years 11 months,600800.0,864 TAMPINES ST 83,520864,1.35506384634851,103.93573303978,2025-09-01
211504,2025-09,TAMPINES,5 ROOM,608A,TAMPINES NTH DR 1,10 TO 12,113.0,Improved,2020,94 years 02 months,880000.0,608A TAMPINES NTH DR 1,521608,1.36314791550448,103.93511840985,2025-09-01
211567,2025-09,TAMPINES,5 ROOM,340,TAMPINES ST 33,01 TO 03,137.0,Model A,1995,69 years 04 months,750000.0,340 TAMPINES ST 33,520340,1.35114569449366,103.959787722292,2025-09-01
211750,2025-09,TAMPINES,EXECUTIVE,495F,TAMPINES ST 43,10 TO 12,146.0,Apartment,1994,67 years 05 months,938000.0,495F TAMPINES ST 43,525495,1.36442076452696,103.95294031503,2025-09-01
211774,2025-09,TAMPINES,EXECUTIVE,894,TAMPINES ST 81,01 TO 03,149.0,Maisonette,1989,62 years 05 months,1000000.0,894 TAMPINES ST 81,520894,1.34860420057258,103.931922138374,2025-09-01
211913,2025-09,TOA PAYOH,3 ROOM,157,LOR 1 TOA PAYOH,01 TO 03,67.0,Improved,1971,44 years 11 months,410000.0,157 LOR 1 TOA PAYOH,310157,1.33220626321248,103.845452861739,2025-09-01
212169,2025-09,TOA PAYOH,4 ROOM,105B,BIDADARI PK DR,16 TO 18,94.0,Model A,2020,94 years,1100000.0,105B BIDADARI PK DR,342105,1.33347403879152,103.870490405284,2025-09-01
212227,2025-09,TOA PAYOH,4 ROOM,139A,LOR 1A TOA PAYOH,40 TO 42,91.0,DBSS,2012,85 years 09 months,1218888.0,139A LOR 1A TOA PAYOH,311139,1.33627775831234,103.844044881122,2025-09-01
212228,2025-09,TOA PAYOH,4 ROOM,139B,LOR 1A TOA PAYOH,40 TO 42,91.0,DBSS,2012,85 years 09 months,1110000.0,139B LOR 1A TOA PAYOH,312139,1.33671109109394,103.843878159336,2025-09-01
212257,2025-09,TOA PAYOH,4 ROOM,152,LOR 2 TOA PAYOH,07 TO 09,86.0,Model A,2006,79 years 05 months,903888.0,152 LOR 2 TOA PAYOH,310152,1.33416708512554,103.845891140252,2025-09-01
212267,2025-09,TOA PAYOH,4 ROOM,81,LOR 4 TOA PAYOH,16 TO 18,104.0,Model A,1997,70 years 08 months,975000.0,81 LOR 4 TOA PAYOH,310081,1.33541034865574,103.850423493461,2025-09-01
212340,2025-09,TOA PAYOH,4 ROOM,79A,TOA PAYOH CTRL,31 TO 33,76.0,Model A,2009,82 years 08 months,868000.0,79A TOA PAYOH CTRL,311079,1.33453129537675,103.847565695822,2025-09-01
212341,2025-09,TOA PAYOH,4 ROOM,79B,TOA PAYOH CTRL,28 TO 30,91.0,Model A,2009,82 years 08 months,1040000.0,79B TOA PAYOH CTRL,312079,1.33464078301907,103.847990266882,2025-09-01
212342,2025-09,TOA PAYOH,4 ROOM,79D,TOA PAYOH CTRL,07 TO 09,91.0,Model A,2009,82 years 08 months,981888.0,79D TOA PAYOH CTRL,314079,1.33464084384827,103.849165514713,2025-09-01
212369,2025-09,TOA PAYOH,4 ROOM,264,TOA PAYOH EAST,31 TO 33,93.0,Model A,2019,93 years 04 months,1068000.0,264 TOA PAYOH EAST,310264,1.332464536405,103.855237512058,2025-09-01
212400,2025-09,TOA PAYOH,5 ROOM,105B,BIDADARI PK DR,16 TO 18,114.0,Improved,2020,94 years,1430000.0,105B BIDADARI PK DR,342105,1.33347403879152,103.870490405284,2025-09-01
212464,2025-09,TOA PAYOH,5 ROOM,80,LOR 4 TOA PAYOH,10 TO 12,123.0,Improved,1996,70 years 01 month,1070000.0,80 LOR 4 TOA PAYOH,310080,1.33526346112013,103.848516803547,2025-09-01
212831,2025-09,WOODLANDS,4 ROOM,765,WOODLANDS CIRCLE,13 TO 15,90.0,Model A,2003,76 years 11 months,535000.0,765 WOODLANDS CIRCLE,730765,1.44589975238319,103.796914037556,2025-09-01
213143,2025-09,WOODLANDS,4 ROOM,608,WOODLANDS RING RD,10 TO 12,102.0,Model A,1998,71 years 11 months,575000.0,608 WOODLANDS RING RD,730608,1.43621968262254,103.796496127558,2025-09-01
213438,2025-09,WOODLANDS,5 ROOM,543,WOODLANDS DR 16,01 TO 03,121.0,Improved,2000,73 years 10 months,660000.0,543 WOODLANDS DR 16,730543,1.42831492534534,103.793734505831,2025-09-01
213489,2025-09,WOODLANDS,5 ROOM,682B,WOODLANDS DR 62,07 TO 09,120.0,Premium Apartment,2000,73 years 06 months,705000.0,682B WOODLANDS DR 62,732682,1.44052377312844,103.803747098861,2025-09-01
213741,2025-09,WOODLANDS,EXECUTIVE,847,WOODLANDS ST 82,04 TO 06,179.0,Apartment,1995,68 years 07 months,980000.0,847 WOODLANDS ST 82,730847,1.44215340952621,103.791733417825,2025-09-01
213926,2025-09,YISHUN,3 ROOM,304,YISHUN CTRL,04 TO 06,74.0,Model A,1988,61 years 05 months,437000.0,304 YISHUN CTRL,760304,1.43051533276813,103.840307000287,2025-09-01
213998,2025-09,YISHUN,3 ROOM,813A,YISHUN RING RD,10 TO 12,67.0,Model A,2018,91 years 09 months,595000.0,813A YISHUN RING RD,761813,1.41824920330568,103.832595236905,2025-09-01
214545,2025-09,YISHUN,4 ROOM,217,YISHUN ST 21,10 TO 12,93.0,New Generation,1985,59 years 01 month,522000.0,217 YISHUN ST 21,760217,1.43262267614989,103.836318733123,2025-09-01
214619,2025-09,YISHUN,4 ROOM,479B,YISHUN ST 42,04 TO 06,93.0,Model A,2021,94 years 08 months,588000.0,479B YISHUN ST 42,762479,1.42977881608887,103.850095603468,2025-09-01
214821,2025-09,YISHUN,5 ROOM,174,YISHUN AVE 7,04 TO 06,121.0,Improved,1987,61 years 03 months,611888.0,174 YISHUN AVE 7,760174,1.43739545335207,103.831939137109,2025-09-01
214894,2025-09,YISHUN,5 ROOM,224,YISHUN ST 21,01 TO 03,134.0,Model A,1985,59 years,700000.0,224 YISHUN ST 21,760224,1.43463286013578,103.835208223916,2025-09-01
197035,2025-09,ANG MO KIO,3 ROOM,321,ANG MO KIO AVE 1,10 TO 12,88.0,New Generation,1977,50 years 09 months,533888.0,321 ANG MO KIO AVE 1,560321,1.36514126911853,103.8487041858,2025-09-02
197036,2025-09,ANG MO KIO,3 ROOM,330,ANG MO KIO AVE 1,01 TO 03,82.0,New Generation,1981,54 years 05 months,450000.0,330 ANG MO KIO AVE 1,560330,1.36243186402478,103.851030689651,2025-09-02
197144,2025-09,ANG MO KIO,3 ROOM,561,ANG MO KIO AVE 10,04 TO 06,68.0,New Generation,1980,53 years 05 months,408000.0,561 ANG MO KIO AVE 10,560561,1.37057765782635,103.857854578394,2025-09-02
197224,2025-09,ANG MO KIO,3 ROOM,214,ANG MO KIO AVE 3,07 TO 09,67.0,New Generation,1976,49 years 08 months,420000.0,214 ANG MO KIO AVE 3,560214,1.3673922200256,103.841127940925,2025-09-02
197279,2025-09,ANG MO KIO,3 ROOM,178,ANG MO KIO AVE 4,01 TO 03,68.0,New Generation,1981,54 years 08 months,400000.0,178 ANG MO KIO AVE 4,560178,1.37619319942083,103.837038191014,2025-09-02
197516,2025-09,ANG MO KIO,4 ROOM,640,ANG MO KIO AVE 6,10 TO 12,92.0,New Generation,1980,53 years 11 months,613000.0,640 ANG MO KIO AVE 6,560640,1.38003436037009,103.843606664405,2025-09-02
197517,2025-09,ANG MO KIO,4 ROOM,700A,ANG MO KIO AVE 6,16 TO 18,90.0,Model A,2003,77 years 01 month,900000.0,700A ANG MO KIO AVE 6,561700,1.36997128892861,103.846076487359,2025-09-02
197531,2025-09,ANG MO KIO,4 ROOM,260B,ANG MO KIO ST 21,22 TO 24,92.0,Model A,2018,91 years 11 months,1075000.0,260B ANG MO KIO ST 21,562260,1.36886409962902,103.83395420063,2025-09-02
197668,2025-09,ANG MO KIO,EXECUTIVE,333,ANG MO KIO AVE 1,07 TO 09,163.0,Adjoined flat,1981,54 years 05 months,1110000.0,333 ANG MO KIO AVE 1,560333,1.3613425564061,103.851698621454,2025-09-02
197904,2025-09,BEDOK,3 ROOM,526,BEDOK NTH ST 3,07 TO 09,67.0,New Generation,1979,52 years 11 months,430000.0,526 BEDOK NTH ST 3,460526,1.33421551878132,103.92912981542,2025-09-02
198040,2025-09,BEDOK,3 ROOM,50,CHAI CHEE ST,07 TO 09,68.0,New Generation,1981,54 years 11 months,410000.0,50 CHAI CHEE ST,461050,1.32930431416537,103.922415807329,2025-09-02
198212,2025-09,BEDOK,4 ROOM,747C,BEDOK RESERVOIR CRES,04 TO 06,87.0,DBSS,2014,88 years 01 month,838000.0,747C BEDOK RESERVOIR CRES,473747,1.33679206446803,103.921982613627,2025-09-02
198272,2025-09,BEDOK,4 ROOM,136,BEDOK RESERVOIR RD,01 TO 03,84.0,Simplified,1988,61 years 09 months,580000.0,136 BEDOK RESERVOIR RD,470136,1.33353806122657,103.913536944229,2025-09-02
198294,2025-09,BEDOK,4 ROOM,774,BEDOK RESERVOIR VIEW,01 TO 03,105.0,Premium Apartment,2000,74 years 04 months,640000.0,774 BEDOK RESERVOIR VIEW,470774,1.3365822191075,103.93670727972,2025-09-02
198542,2025-09,BEDOK,EXECUTIVE,161,BEDOK STH AVE 3,01 TO 03,151.0,Maisonette,1985,59 years 02 months,1010000.0,161 BEDOK STH AVE 3,460161,1.31947081810974,103.945783265384,2025-09-02
198544,2025-09,BEDOK,EXECUTIVE,42,CHAI CHEE ST,10 TO 12,149.0,Adjoined flat,1985,58 years 10 months,930000.0,42 CHAI CHEE ST,461042,1.32797877350561,103.925804792632,2025-09-02
198652,2025-09,BISHAN,4 ROOM,178,BISHAN ST 13,01 TO 03,83.0,Simplified,1987,61 years 02 months,665000.0,178 BISHAN ST 13,570178,1.34812743111822,103.852330274842,2025-09-02
198785,2025-09,BISHAN,5 ROOM,275A,BISHAN ST 24,31 TO 33,120.0,DBSS,2011,85 years 01 month,1550000.0,275A BISHAN ST 24,571275,1.35673539047075,103.843519752733,2025-09-02
198939,2025-09,BUKIT BATOK,3 ROOM,238,BT BATOK EAST AVE 5,04 TO 06,69.0,New Generation,1986,60 years 03 months,410000.0,238 BT BATOK EAST AVE 5,650238,1.34983226535734,103.7547381511,2025-09-02
199094,2025-09,BUKIT BATOK,3 ROOM,138,BT BATOK WEST AVE 6,04 TO 06,68.0,New Generation,1984,58 years,415000.0,138 BT BATOK WEST AVE 6,650138,1.35044711973729,103.744471903926,2025-09-02
199095,2025-09,BUKIT BATOK,3 ROOM,146,BT BATOK WEST AVE 6,07 TO 09,68.0,New Generation,1984,58 years,420000.0,146 BT BATOK WEST AVE 6,650146,1.34966890869827,103.744083499088,2025-09-02
199392,2025-09,BUKIT BATOK,4 ROOM,186,BT BATOK WEST AVE 6,04 TO 06,103.0,Model A,1989,62 years 06 months,608000.0,186 BT BATOK WEST AVE 6,650186,1.34658076680317,103.744085374214,2025-09-02
199491,2025-09,BUKIT BATOK,4 ROOM,439A,BT BATOK WEST AVE 8,13 TO 15,93.0,Model A,2020,93 years 06 months,688000.0,439A BT BATOK WEST AVE 8,651439,1.35682160436271,103.740330543468,2025-09-02
199833,2025-09,BUKIT MERAH,3 ROOM,13,CANTONMENT CL,28 TO 30,60.0,Model A,2003,76 years 05 months,738000.0,13 CANTONMENT CL,80013,1.27469944029956,103.840485373883,2025-09-02
199914,2025-09,BUKIT MERAH,3 ROOM,141,JLN BT MERAH,04 TO 06,67.0,New Generation,1979,52 years 05 months,382000.0,141 JLN BT MERAH,160141,1.27714559744846,103.828738908605,2025-09-02
200245,2025-09,BUKIT MERAH,4 ROOM,119B,KIM TIAN RD,22 TO 24,92.0,Model A,2002,76 years 04 months,915000.0,119B KIM TIAN RD,162119,1.28115558487763,103.827266559741,2025-09-02
200337,2025-09,BUKIT MERAH,4 ROOM,93B,TELOK BLANGAH ST 31,13 TO 15,93.0,Model A,2018,92 years 04 months,996888.0,93B TELOK BLANGAH ST 31,102093,1.27535722008159,103.807977257969,2025-09-02
200379,2025-09,BUKIT MERAH,5 ROOM,4,EVERTON PK,10 TO 12,138.0,Improved,1980,54 years 03 months,1001000.0,4 EVERTON PK,80004,1.27688307363768,103.840085627903,2025-09-02
200503,2025-09,BUKIT PANJANG,3 ROOM,232,PENDING RD,01 TO 03,73.0,Model A,1987,61 years 02 months,418000.0,232 PENDING RD,670232,1.37647117966901,103.772397980678,2025-09-02
200812,2025-09,BUKIT PANJANG,4 ROOM,633B,SENJA RD,22 TO 24,93.0,Model A,2013,87 years 04 months,688000.0,633B SENJA RD,672633,1.38516970673292,103.758529145929,2025-09-02
200998,2025-09,BUKIT PANJANG,EXECUTIVE,155,GANGSA RD,10 TO 12,140.0,Apartment,1998,72 years 03 months,965000.0,155 GANGSA RD,670155,1.37531520951441,103.765028861819,2025-09-02
201015,2025-09,BUKIT PANJANG,EXECUTIVE,180,LOMPANG RD,07 TO 09,131.0,Apartment,2002,75 years 05 months,1060000.0,180 LOMPANG RD,670180,1.37885365730573,103.764775595893,2025-09-02
201069,2025-09,BUKIT TIMAH,EXECUTIVE,15,TOH YI DR,01 TO 03,146.0,Maisonette,1988,61 years 11 months,1340000.0,15 TOH YI DR,590015,1.33931085810035,103.772051477646,2025-09-02
201137,2025-09,CENTRAL AREA,4 ROOM,662,BUFFALO RD,10 TO 12,91.0,Improved,1982,55 years 09 months,575000.0,662 BUFFALO RD,210662,1.30624722914968,103.849956033902,2025-09-02
201209,2025-09,CHOA CHU KANG,3 ROOM,809B,CHOA CHU KANG AVE 1,10 TO 12,67.0,Model A,2017,90 years 08 months,510000.0,809B CHOA CHU KANG AVE 1,682809,1.37476188616122,103.744965122728,2025-09-02
201455,2025-09,CHOA CHU KANG,4 ROOM,682,CHOA CHU KANG CRES,10 TO 12,105.0,Premium Apartment,1999,73 years 02 months,568000.0,682 CHOA CHU KANG CRES,680682,1.4025105391984,103.745291155566,2025-09-02
201503,2025-09,CHOA CHU KANG,4 ROOM,631,CHOA CHU KANG NTH 6,04 TO 06,113.0,Premium Apartment,1998,71 years 05 months,690000.0,631 CHOA CHU KANG NTH 6,680631,1.39660961102945,103.748105174635,2025-09-02
201523,2025-09,CHOA CHU KANG,4 ROOM,569,CHOA CHU KANG ST 52,10 TO 12,106.0,Model A,1995,68 years 10 months,575000.0,569 CHOA CHU KANG ST 52,680569,1.39608478870921,103.746374587961,2025-09-02
201637,2025-09,CHOA CHU KANG,5 ROOM,250,CHOA CHU KANG AVE 2,13 TO 15,125.0,Improved,1993,66 years 10 months,718000.0,250 CHOA CHU KANG AVE 2,680250,1.37930897796883,103.745365161971,2025-09-02
201778,2025-09,CHOA CHU KANG,5 ROOM,687B,CHOA CHU KANG DR,16 TO 18,110.0,Improved,2002,75 years 10 months,588000.0,687B CHOA CHU KANG DR,682687,1.40440569281917,103.750668870917,2025-09-02
201877,2025-09,CHOA CHU KANG,5 ROOM,14,TECK WHYE LANE,04 TO 06,119.0,Improved,1979,52 years 05 months,530000.0,14 TECK WHYE LANE,680014,1.37848150958552,103.755675386906,2025-09-02
202040,2025-09,CLEMENTI,3 ROOM,312B,CLEMENTI AVE 4,19 TO 21,69.0,Model A,2017,91 years,700000.0,312B CLEMENTI AVE 4,122312,1.3196729696325,103.764455532029,2025-09-02
202083,2025-09,CLEMENTI,3 ROOM,612,CLEMENTI WEST ST 1,04 TO 06,77.0,Model A,1983,57 years 04 months,418888.0,612 CLEMENTI WEST ST 1,120612,1.303442198537,103.768633365525,2025-09-02
202239,2025-09,CLEMENTI,4 ROOM,377,CLEMENTI AVE 5,04 TO 06,91.0,New Generation,1980,54 years 02 months,556000.0,377 CLEMENTI AVE 5,120377,1.31756398951141,103.767975202583,2025-09-02
202406,2025-09,GEYLANG,3 ROOM,54,CASSIA CRES,13 TO 15,67.0,New Generation,1983,56 years 11 months,530000.0,54 CASSIA CRES,390054,1.31004800551081,103.884678198119,2025-09-02
202478,2025-09,GEYLANG,3 ROOM,48,CIRCUIT RD,01 TO 03,59.0,Standard,1969,42 years 05 months,337000.0,48 CIRCUIT RD,370048,1.32541032458901,103.88565098487,2025-09-02
202506,2025-09,GEYLANG,3 ROOM,25,EUNOS CRES,10 TO 12,59.0,Improved,1977,50 years 09 months,388000.0,25 EUNOS CRES,400025,1.32340331604205,103.902375742055,2025-09-02
202971,2025-09,HOUGANG,3 ROOM,309,HOUGANG AVE 5,01 TO 03,82.0,New Generation,1982,56 years 02 months,430000.0,309 HOUGANG AVE 5,530309,1.36620554681345,103.895152424666,2025-09-02
203183,2025-09,HOUGANG,4 ROOM,992B,BUANGKOK LINK,10 TO 12,93.0,Model A,2019,92 years 10 months,650000.0,992B BUANGKOK LINK,532992,1.3838267304931,103.881672473881,2025-09-02
203257,2025-09,HOUGANG,4 ROOM,666,HOUGANG AVE 4,01 TO 03,111.0,Model A,1988,61 years 08 months,633000.0,666 HOUGANG AVE 4,530666,1.37381303540556,103.884933677615,2025-09-02
203282,2025-09,HOUGANG,4 ROOM,529,HOUGANG AVE 6,07 TO 09,105.0,Model A,1987,60 years 10 months,665000.0,529 HOUGANG AVE 6,530529,1.37546896487502,103.890729546346,2025-09-02
203583,2025-09,HOUGANG,5 ROOM,540,HOUGANG AVE 8,04 TO 06,121.0,Improved,1989,63 years 04 months,630000.0,540 HOUGANG AVE 8,530540,1.37781568057175,103.891282467147,2025-09-02
203592,2025-09,HOUGANG,5 ROOM,966,HOUGANG AVE 9,07 TO 09,115.0,Improved,1999,73 years,680000.0,966 HOUGANG AVE 9,530966,1.37816668318375,103.87836616705,2025-09-02
203778,2025-09,JURONG EAST,3 ROOM,210,JURONG EAST ST 21,04 TO 06,67.0,New Generation,1983,56 years 10 months,408888.0,210 JURONG EAST ST 21,600210,1.33889493784685,103.73855509854,2025-09-02
203826,2025-09,JURONG EAST,3 ROOM,315,JURONG EAST ST 32,01 TO 03,74.0,Model A,1984,57 years 09 months,392000.0,315 JURONG EAST ST 32,600315,1.34603432938681,103.732850513855,2025-09-02
204223,2025-09,JURONG WEST,3 ROOM,119,HO CHING RD,01 TO 03,67.0,Improved,1972,45 years 05 months,325000.0,119 HO CHING RD,610119,1.33529905914454,103.724712974749,2025-09-02
204570,2025-09,JURONG WEST,4 ROOM,639,JURONG WEST ST 61,04 TO 06,100.0,Model A,1998,71 years 11 months,578000.0,639 JURONG WEST ST 61,640639,1.34069571720843,103.696884325523,2025-09-02
204693,2025-09,JURONG WEST,4 ROOM,851,JURONG WEST ST 81,10 TO 12,108.0,Model A,1996,69 years 08 months,523000.0,851 JURONG WEST ST 81,640851,1.3465916671122,103.692474184137,2025-09-02
204863,2025-09,JURONG WEST,5 ROOM,271C,JURONG WEST ST 24,07 TO 09,112.0,Premium Apartment,2003,77 years 02 months,595000.0,271C JURONG WEST ST 24,643271,1.35015314493401,103.704293139292,2025-09-02
205201,2025-09,JURONG WEST,EXECUTIVE,629,JURONG WEST ST 65,13 TO 15,130.0,Apartment,2001,75 years,795000.0,629 JURONG WEST ST 65,640629,1.34251756766153,103.699667819397,2025-09-02
205231,2025-09,JURONG WEST,EXECUTIVE,331,TAH CHING RD,07 TO 09,139.0,Apartment,1996,70 years 04 months,880000.0,331 TAH CHING RD,611331,1.33807458629683,103.723432148725,2025-09-02
205596,2025-09,KALLANG/WHAMPOA,4 ROOM,78,LOR LIMAU,13 TO 15,93.0,Model A,2018,91 years 10 months,920000.0,78 LOR LIMAU,320078,1.32487617789478,103.855541044499,2025-09-02
205936,2025-09,PASIR RIS,2 ROOM,527B,PASIR RIS ST 51,10 TO 12,47.0,Model A,2015,88 years 11 months,430000.0,527B PASIR RIS ST 51,512527,1.36899453114432,103.947710069014,2025-09-02
206026,2025-09,PASIR RIS,4 ROOM,416,PASIR RIS DR 6,01 TO 03,105.0,Model A,1989,63 years 04 months,655000.0,416 PASIR RIS DR 6,510416,1.37163660120977,103.955620745818,2025-09-02
206051,2025-09,PASIR RIS,4 ROOM,117,PASIR RIS ST 11,01 TO 03,111.0,Model A,1990,63 years 07 months,630000.0,117 PASIR RIS ST 11,510117,1.36789487704032,103.954721651011,2025-09-02
206267,2025-09,PASIR RIS,EXECUTIVE,601,ELIAS RD,10 TO 12,154.0,Apartment,1995,68 years 07 months,1100000.0,601 ELIAS RD,510601,1.37785936475213,103.94350622134,2025-09-02
206287,2025-09,PASIR RIS,EXECUTIVE,459,PASIR RIS DR 4,07 TO 09,146.0,Apartment,1992,66 years 04 months,880000.0,459 PASIR RIS DR 4,510459,1.37090715567444,103.959642340082,2025-09-02
206531,2025-09,PUNGGOL,3 ROOM,232C,SUMANG LANE,13 TO 15,68.0,Model A,2018,92 years 03 months,535000.0,232C SUMANG LANE,823232,1.40203576124081,103.890116621791,2025-09-02
206671,2025-09,PUNGGOL,4 ROOM,408A,NORTHSHORE DR,16 TO 18,94.0,Model A,2021,94 years 09 months,768000.0,408A NORTHSHORE DR,821408,1.41694537672572,103.902802098058,2025-09-02
206716,2025-09,PUNGGOL,4 ROOM,163A,PUNGGOL CTRL,07 TO 09,95.0,Premium Apartment,2004,77 years 09 months,615000.0,163A PUNGGOL CTRL,821163,1.39550060247735,103.914059779581,2025-09-02
206717,2025-09,PUNGGOL,4 ROOM,601D,PUNGGOL CTRL,13 TO 15,94.0,Model A,2012,85 years 11 months,672000.0,601D PUNGGOL CTRL,824601,1.40296400750639,103.907847415747,2025-09-02
206800,2025-09,PUNGGOL,4 ROOM,663A,PUNGGOL DR,16 TO 18,90.0,Model A,2016,89 years 10 months,728000.0,663A PUNGGOL DR,821663,1.40024347553794,103.917080046799,2025-09-02
206801,2025-09,PUNGGOL,4 ROOM,665B,PUNGGOL DR,04 TO 06,93.0,Premium Apartment,2016,89 years 06 months,658000.0,665B PUNGGOL DR,822665,1.40204057235273,103.914141095483,2025-09-02
206876,2025-09,PUNGGOL,4 ROOM,106C,PUNGGOL FIELD,04 TO 06,90.0,Model A,2003,76 years 07 months,568888.0,106C PUNGGOL FIELD,823106,1.39736664207497,103.907562230122,2025-09-02
206971,2025-09,PUNGGOL,4 ROOM,604B,PUNGGOL RD,16 TO 18,92.0,Model A,2012,86 years 01 month,680000.0,604B PUNGGOL RD,822604,1.40388929562539,103.907206921482,2025-09-02
207040,2025-09,PUNGGOL,4 ROOM,264A,PUNGGOL WAY,13 TO 15,92.0,Model A,2015,88 years 10 months,730000.0,264A PUNGGOL WAY,821264,1.40597704114999,103.898544055197,2025-09-02
207365,2025-09,PUNGGOL,5 ROOM,308C,PUNGGOL WALK,07 TO 09,112.0,Premium Apartment,2016,89 years 07 months,901888.0,308C PUNGGOL WALK,823308,1.40800694944027,103.899074357998,2025-09-02
207532,2025-09,QUEENSTOWN,3 ROOM,5,DOVER CRES,10 TO 12,67.0,New Generation,1979,53 years 03 months,445000.0,5 DOVER CRES,130005,1.30406012764311,103.782637200936,2025-09-02
208364,2025-09,SEMBAWANG,4 ROOM,126A,CANBERRA ST,07 TO 09,96.0,Model A,2021,94 years 05 months,728888.0,126A CANBERRA ST,751126,1.44515880423783,103.834981318758,2025-09-02
208372,2025-09,SEMBAWANG,4 ROOM,132C,CANBERRA VIEW,04 TO 06,92.0,Model A,2020,94 years 01 month,795000.0,132C CANBERRA VIEW,753132,1.44267376186975,103.8309577035,2025-09-02
208391,2025-09,SEMBAWANG,4 ROOM,504D,MONTREAL DR,07 TO 09,91.0,Model A,2001,74 years 10 months,535000.0,504D MONTREAL DR,754504,1.45045843825508,103.823880958571,2025-09-02
208420,2025-09,SEMBAWANG,4 ROOM,341A,SEMBAWANG CL,01 TO 03,95.0,Premium Apartment,2001,74 years 10 months,572000.0,341A SEMBAWANG CL,751341,1.44757636464401,103.818609770738,2025-09-02
208663,2025-09,SEMBAWANG,5 ROOM,129C,CANBERRA ST,10 TO 12,113.0,Improved,2018,92 years 02 months,828000.0,129C CANBERRA ST,753129,1.44420165808041,103.833186562603,2025-09-02
208775,2025-09,SEMBAWANG,EXECUTIVE,341,SEMBAWANG CL,13 TO 15,131.0,Premium Apartment,2001,74 years 10 months,800000.0,341 SEMBAWANG CL,750341,1.44706807805733,103.818677573572,2025-09-02
208900,2025-09,SENGKANG,3 ROOM,210A,COMPASSVALE LANE,07 TO 09,68.0,Model A,2013,86 years 06 months,530000.0,210A COMPASSVALE LANE,541210,1.38480080631986,103.900105508026,2025-09-02
209391,2025-09,SENGKANG,4 ROOM,470A,FERNVALE LINK,16 TO 18,93.0,Model A,2016,90 years 01 month,670000.0,470A FERNVALE LINK,791470,1.39647838386976,103.879494944074,2025-09-02
209446,2025-09,SENGKANG,4 ROOM,410C,FERNVALE RD,04 TO 06,95.0,Premium Apartment,2012,86 years 03 months,624500.0,410C FERNVALE RD,793410,1.38993920373878,103.876479595851,2025-09-02
209754,2025-09,SENGKANG,5 ROOM,333A,ANCHORVALE LINK,07 TO 09,112.0,Improved,2015,88 years 10 months,818888.0,333A ANCHORVALE LINK,541333,1.39468433299355,103.89086832093,2025-09-02
209785,2025-09,SENGKANG,5 ROOM,308A,ANCHORVALE RD,01 TO 03,110.0,Improved,2002,75 years 06 months,610000.0,308A ANCHORVALE RD,541308,1.38989490574426,103.885920239987,2025-09-02
209786,2025-09,SENGKANG,5 ROOM,309A,ANCHORVALE RD,07 TO 09,111.0,Premium Apartment,2002,76 years 01 month,628000.0,309A ANCHORVALE RD,541309,1.39170406550677,103.886137355811,2025-09-02
209800,2025-09,SENGKANG,5 ROOM,274A,COMPASSVALE BOW,13 TO 15,113.0,Improved,2017,91 years 03 months,988888.0,274A COMPASSVALE BOW,541274,1.38155355360941,103.890563070914,2025-09-02
209801,2025-09,SENGKANG,5 ROOM,278B,COMPASSVALE BOW,07 TO 09,113.0,Improved,2017,91 years 03 months,928000.0,278B COMPASSVALE BOW,542278,1.38235083780012,103.890641438035,2025-09-02
209832,2025-09,SENGKANG,5 ROOM,288C,COMPASSVALE CRES,13 TO 15,113.0,Premium Apartment,2017,91 years 03 months,838000.0,288C COMPASSVALE CRES,543288,1.39838883211608,103.898071337048,2025-09-02
210146,2025-09,SENGKANG,5 ROOM,451A,SENGKANG WEST WAY,19 TO 21,111.0,Improved,2015,88 years 09 months,750000.0,451A SENGKANG WEST WAY,791451,1.39434919388296,103.874053796487,2025-09-02
210202,2025-09,SENGKANG,EXECUTIVE,202B,SENGKANG EAST RD,04 TO 06,130.0,Apartment,2001,74 years 09 months,811888.0,202B SENGKANG EAST RD,542202,1.38812749983553,103.892742866634,2025-09-02
210544,2025-09,TAMPINES,3 ROOM,524B,TAMPINES CTRL 7,01 TO 03,67.0,Model A,2015,89 years,565000.0,524B TAMPINES CTRL 7,522524,1.35895813519086,103.938911100785,2025-09-02
210837,2025-09,TAMPINES,4 ROOM,232,SIMEI ST 4,04 TO 06,104.0,Model A,1989,63 years,628000.0,232 SIMEI ST 4,520232,1.34421274800842,103.957156790989,2025-09-02
210889,2025-09,TAMPINES,4 ROOM,868B,TAMPINES AVE 8,01 TO 03,92.0,Model A,2015,88 years 10 months,688000.0,868B TAMPINES AVE 8,522868,1.35592432083149,103.932912367489,2025-09-02
211266,2025-09,TAMPINES,4 ROOM,489A,TAMPINES ST 45,07 TO 09,104.0,Model A,1989,62 years 09 months,605000.0,489A TAMPINES ST 45,520489,1.36108575636585,103.957224811648,2025-09-02
211295,2025-09,TAMPINES,4 ROOM,606D,TAMPINES ST 61,13 TO 15,92.0,Model A,2020,93 years 06 months,802000.0,606D TAMPINES ST 61,524606,1.36185122194834,103.937073184127,2025-09-02
211803,2025-09,TAMPINES,EXECUTIVE,125,TAMPINES ST 11,07 TO 09,146.0,Maisonette,1985,59 years 03 months,925000.0,125 TAMPINES ST 11,521125,1.34631420347479,103.950125275001,2025-09-02
211847,2025-09,TAMPINES,EXECUTIVE,427,TAMPINES ST 41,04 TO 06,148.0,Maisonette,1986,59 years 09 months,985000.0,427 TAMPINES ST 41,520427,1.35954388945989,103.948530438356,2025-09-02
212017,2025-09,TOA PAYOH,3 ROOM,109,LOR 1 TOA PAYOH,01 TO 03,66.0,Improved,1970,43 years 05 months,350000.0,109 LOR 1 TOA PAYOH,310109,1.34123727120826,103.846202460812,2025-09-02
212059,2025-09,TOA PAYOH,3 ROOM,61,LOR 5 TOA PAYOH,07 TO 09,78.0,Improved,1967,40 years 10 months,395000.0,61 LOR 5 TOA PAYOH,310061,1.33645683383018,103.852110981584,2025-09-02
212151,2025-09,TOA PAYOH,3 ROOM,178,TOA PAYOH CTRL,01 TO 03,67.0,Improved,1972,45 years 11 months,458688.0,178 TOA PAYOH CTRL,310178,1.33358025794591,103.84926452128,2025-09-02
212335,2025-09,TOA PAYOH,4 ROOM,138A,LOR 1A TOA PAYOH,28 TO 30,91.0,DBSS,2012,85 years 09 months,1098000.0,138A LOR 1A TOA PAYOH,311138,1.33671098513786,103.845472945511,2025-09-02
212365,2025-09,TOA PAYOH,4 ROOM,144,LOR 2 TOA PAYOH,04 TO 06,90.0,Model A,2002,76 years 01 month,805000.0,144 LOR 2 TOA PAYOH,310144,1.33535073315709,103.84402714867,2025-09-02
212573,2025-09,TOA PAYOH,5 ROOM,80A,LOR 4 TOA PAYOH,04 TO 06,124.0,Improved,1997,70 years 07 months,1060000.0,80A LOR 4 TOA PAYOH,311080,1.33529157376827,103.849247117442,2025-09-02
213167,2025-09,WOODLANDS,4 ROOM,694A,WOODLANDS DR 62,10 TO 12,92.0,Model A,2018,92 years 01 month,660000.0,694A WOODLANDS DR 62,731694,1.43905183955493,103.804395663183,2025-09-02
213254,2025-09,WOODLANDS,4 ROOM,638,WOODLANDS RING RD,04 TO 06,102.0,Model A,1999,72 years 11 months,545000.0,638 WOODLANDS RING RD,730638,1.43671737829561,103.803192512642,2025-09-02
213441,2025-09,WOODLANDS,5 ROOM,679,WOODLANDS AVE 6,10 TO 12,123.0,Improved,1998,72 years,710000.0,679 WOODLANDS AVE 6,730679,1.43992345062736,103.80201525015,2025-09-02
213587,2025-09,WOODLANDS,5 ROOM,894D,WOODLANDS DR 50,01 TO 03,119.0,Improved,1996,70 years,680500.0,894D WOODLANDS DR 50,733894,1.43563830011225,103.789459334951,2025-09-02
213603,2025-09,WOODLANDS,5 ROOM,683A,WOODLANDS DR 62,07 TO 09,123.0,Premium Apartment,2000,73 years 06 months,648888.0,683A WOODLANDS DR 62,731683,1.44009790636881,103.802892551515,2025-09-02
213752,2025-09,WOODLANDS,5 ROOM,882,WOODLANDS ST 82,01 TO 03,121.0,Improved,1996,69 years 07 months,600000.0,882 WOODLANDS ST 82,730882,1.4442579867912,103.790930441498,2025-09-02
214034,2025-09,YISHUN,3 ROOM,316B,YISHUN AVE 9,13 TO 15,67.0,Model A,2015,89 years 02 months,538000.0,316B YISHUN AVE 9,762316,1.43286932101608,103.842697590791,2025-09-02
214115,2025-09,YISHUN,3 ROOM,806,YISHUN RING RD,01 TO 03,74.0,Model A,1987,60 years 07 months,420000.0,806 YISHUN RING RD,760806,1.41722156235213,103.83111136151,2025-09-02
214491,2025-09,YISHUN,4 ROOM,435,YISHUN AVE 6,07 TO 09,84.0,Simplified,1988,62 years 01 month,472500.0,435 YISHUN AVE 6,760435,1.42133227396902,103.847281046929,2025-09-02
214854,2025-09,YISHUN,4 ROOM,750,YISHUN ST 72,04 TO 06,92.0,New Generation,1984,57 years 08 months,520000.0,750 YISHUN ST 72,760750,1.4279782659749,103.83428279952,2025-09-02
214952,2025-09,YISHUN,5 ROOM,318C,YISHUN AVE 9,10 TO 12,112.0,Improved,2015,89 years 02 months,768000.0,318C YISHUN AVE 9,763318,1.43338279018701,103.843517908933,2025-09-02
197036,2025-09,ANG MO KIO,3 ROOM,308B,ANG MO KIO AVE 1,19 TO 21,70.0,Model A,2012,86 years 01 month,700888.0,308B ANG MO KIO AVE 1,562308,1.3652661423815,103.844538059044,2025-09-03
197225,2025-09,ANG MO KIO,3 ROOM,570,ANG MO KIO AVE 3,01 TO 03,82.0,New Generation,1979,52 years 09 months,465000.0,570 ANG MO KIO AVE 3,560570,1.3697435855576,103.856023138277,2025-09-03
197281,2025-09,ANG MO KIO,3 ROOM,610,ANG MO KIO AVE 4,10 TO 12,68.0,New Generation,1980,54 years 03 months,450000.0,610 ANG MO KIO AVE 4,560610,1.37939470300077,103.839157232686,2025-09-03
197329,2025-09,ANG MO KIO,3 ROOM,535,ANG MO KIO AVE 5,10 TO 12,67.0,New Generation,1980,53 years 06 months,408888.0,535 ANG MO KIO AVE 5,560535,1.37458255258876,103.853049125302,2025-09-03
197448,2025-09,ANG MO KIO,4 ROOM,542,ANG MO KIO AVE 10,04 TO 06,93.0,New Generation,1981,54 years 05 months,550000.0,542 ANG MO KIO AVE 10,560542,1.37473841331656,103.855876768354,2025-09-03
197636,2025-09,ANG MO KIO,5 ROOM,104B,ANG MO KIO ST 11,04 TO 06,128.0,Improved,1996,69 years 09 months,901888.0,104B ANG MO KIO ST 11,561104,1.37151151416054,103.838458787545,2025-09-03
197796,2025-09,BEDOK,3 ROOM,429B,BEDOK NTH RD,16 TO 18,69.0,Model A,2021,94 years 09 months,740888.0,429B BEDOK NTH RD,462429,1.33017315645294,103.932561548319,2025-09-03
197797,2025-09,BEDOK,3 ROOM,430A,BEDOK NTH RD,10 TO 12,69.0,Model A,2021,94 years 09 months,718000.0,430A BEDOK NTH RD,461430,1.32970000498861,103.932990995274,2025-09-03
198065,2025-09,BEDOK,3 ROOM,28,NEW UPP CHANGI RD,13 TO 15,65.0,Improved,1977,50 years 09 months,435000.0,28 NEW UPP CHANGI RD,460028,1.32369451969703,103.934994919422,2025-09-03
198081,2025-09,BEDOK,4 ROOM,221A,BEDOK CTRL,01 TO 03,97.0,Model A,2010,83 years 09 months,888888.0,221A BEDOK CTRL,461221,1.32520371636649,103.934772217554,2025-09-03
198403,2025-09,BEDOK,5 ROOM,413,BEDOK NTH AVE 2,07 TO 09,123.0,Improved,1979,52 years 09 months,740000.0,413 BEDOK NTH AVE 2,460413,1.33030163704738,103.931086166936,2025-09-03
198461,2025-09,BEDOK,5 ROOM,629,BEDOK RESERVOIR RD,07 TO 09,139.0,Model A,1993,66 years 09 months,915000.0,629 BEDOK RESERVOIR RD,470629,1.33439908281466,103.914501162624,2025-09-03
199215,2025-09,BUKIT BATOK,4 ROOM,293C,BT BATOK ST 21,22 TO 24,92.0,Model A,2019,92 years 05 months,780000.0,293C BT BATOK ST 21,653293,1.34537093479434,103.75498944775,2025-09-03
199269,2025-09,BUKIT BATOK,4 ROOM,316,BT BATOK ST 32,01 TO 03,93.0,New Generation,1986,59 years 05 months,500000.0,316 BT BATOK ST 32,650316,1.3605766052846,103.746834002944,2025-09-03
199289,2025-09,BUKIT BATOK,4 ROOM,337,BT BATOK ST 34,07 TO 09,104.0,Model A,1986,60 years 02 months,565000.0,337 BT BATOK ST 34,650337,1.36348296381773,103.749393361059,2025-09-03
199357,2025-09,BUKIT BATOK,4 ROOM,384,BT BATOK WEST AVE 5,10 TO 12,90.0,Model A,2005,78 years 05 months,601888.0,384 BT BATOK WEST AVE 5,650384,1.36293263679642,103.752194207305,2025-09-03
199751,2025-09,BUKIT BATOK,EXECUTIVE,290C,BT BATOK EAST AVE 3,13 TO 15,141.0,Apartment,1997,71 years 03 months,936000.0,290C BT BATOK EAST AVE 3,650290,1.34409580185561,103.757275306688,2025-09-03
199893,2025-09,BUKIT MERAH,3 ROOM,95A,HENDERSON RD,19 TO 21,68.0,Model A,2019,92 years 09 months,826000.0,95A HENDERSON RD,151095,1.28649254110004,103.82143358771,2025-09-03
199968,2025-09,BUKIT MERAH,3 ROOM,148,SILAT AVE,04 TO 06,67.0,New Generation,1982,56 years 02 months,458000.0,148 SILAT AVE,160148,1.27688315064164,103.830883904963,2025-09-03
200466,2025-09,BUKIT MERAH,5 ROOM,53,TELOK BLANGAH DR,13 TO 15,118.0,Standard,1978,51 years 05 months,790000.0,53 TELOK BLANGAH DR,100053,1.27429804779997,103.811431447755,2025-09-03
200613,2025-09,BUKIT PANJANG,4 ROOM,403,FAJAR RD,10 TO 12,84.0,Simplified,1988,61 years 11 months,518000.0,403 FAJAR RD,670403,1.3811296995225,103.767749629838,2025-09-03
200858,2025-09,BUKIT PANJANG,5 ROOM,611,BT PANJANG RING RD,04 TO 06,110.0,Improved,2002,75 years 09 months,660000.0,611 BT PANJANG RING RD,670611,1.38387209680691,103.761859831513,2025-09-03
200859,2025-09,BUKIT PANJANG,5 ROOM,611,BT PANJANG RING RD,07 TO 09,110.0,Improved,2002,75 years 09 months,725000.0,611 BT PANJANG RING RD,670611,1.38387209680691,103.761859831513,2025-09-03
200875,2025-09,BUKIT PANJANG,5 ROOM,423,FAJAR RD,10 TO 12,122.0,Improved,1989,62 years 05 months,680000.0,423 FAJAR RD,670423,1.38539699350939,103.769211131634,2025-09-03
200919,2025-09,BUKIT PANJANG,5 ROOM,178,LOMPANG RD,22 TO 24,110.0,Improved,2001,75 years 04 months,870000.0,178 LOMPANG RD,670178,1.38023381201566,103.764815490957,2025-09-03
201193,2025-09,CENTRAL AREA,4 ROOM,1G,CANTONMENT RD,31 TO 33,93.0,Type S1,2011,84 years 05 months,1395000.0,1G CANTONMENT RD,85701,1.27553229128302,103.841274606704,2025-09-03
201199,2025-09,CENTRAL AREA,4 ROOM,672B,KLANG LANE,01 TO 03,85.0,Model A,2002,75 years 11 months,660000.0,672B KLANG LANE,212672,1.30903703924735,103.852847667323,2025-09-03
201274,2025-09,CHOA CHU KANG,3 ROOM,111,TECK WHYE LANE,10 TO 12,73.0,Model A,1989,63 years 01 month,423888.0,111 TECK WHYE LANE,680111,1.37787904560638,103.752103670331,2025-09-03
201436,2025-09,CHOA CHU KANG,4 ROOM,815A,CHOA CHU KANG AVE 7,16 TO 18,93.0,Model A,2017,90 years 07 months,648888.0,815A CHOA CHU KANG AVE 7,681815,1.37607846692948,103.74690311631,2025-09-03
201721,2025-09,CHOA CHU KANG,5 ROOM,812B,CHOA CHU KANG AVE 7,16 TO 18,113.0,Improved,2017,91 years 03 months,706000.0,812B CHOA CHU KANG AVE 7,682812,1.37298072773967,103.746249268178,2025-09-03
201946,2025-09,CHOA CHU KANG,EXECUTIVE,341,CHOA CHU KANG LOOP,01 TO 03,142.0,Apartment,1993,66 years 10 months,863000.0,341 CHOA CHU KANG LOOP,680341,1.38435516978372,103.746146014182,2025-09-03
201979,2025-09,CHOA CHU KANG,EXECUTIVE,109,TECK WHYE LANE,01 TO 03,146.0,Maisonette,1989,62 years 07 months,798000.0,109 TECK WHYE LANE,680109,1.37865989251211,103.752077659463,2025-09-03
202015,2025-09,CLEMENTI,3 ROOM,331,CLEMENTI AVE 2,07 TO 09,67.0,New Generation,1978,51 years 11 months,425000.0,331 CLEMENTI AVE 2,120331,1.31413785421482,103.767942210615,2025-09-03
202074,2025-09,CLEMENTI,3 ROOM,374,CLEMENTI AVE 4,07 TO 09,68.0,New Generation,1981,55 years,480000.0,374 CLEMENTI AVE 4,120374,1.31912618587195,103.766983653394,2025-09-03
202149,2025-09,CLEMENTI,3 ROOM,729,CLEMENTI WEST ST 2,10 TO 12,68.0,New Generation,1983,57 years 02 months,398000.0,729 CLEMENTI WEST ST 2,120729,1.30492724290307,103.763519401903,2025-09-03
202196,2025-09,CLEMENTI,4 ROOM,417,CLEMENTI AVE 1,19 TO 21,100.0,Model A,2013,87 years 01 month,955888.0,417 CLEMENTI AVE 1,120417,1.31022566649471,103.770901847179,2025-09-03
202234,2025-09,CLEMENTI,4 ROOM,445A,CLEMENTI AVE 3,19 TO 21,93.0,Model A,2021,94 years 10 months,1190888.0,445A CLEMENTI AVE 3,121445,1.31275318886737,103.76415727081,2025-09-03
202235,2025-09,CLEMENTI,4 ROOM,445A,CLEMENTI AVE 3,37 TO 39,93.0,Model A,2021,94 years 10 months,1260000.0,445A CLEMENTI AVE 3,121445,1.31275318886737,103.76415727081,2025-09-03
202517,2025-09,GEYLANG,3 ROOM,43,CIRCUIT RD,07 TO 09,52.0,Standard,1971,44 years 05 months,350000.0,43 CIRCUIT RD,370043,1.32648228290473,103.885544901533,2025-09-03
202518,2025-09,GEYLANG,3 ROOM,82A,CIRCUIT RD,07 TO 09,68.0,Model A,2020,93 years 09 months,780000.0,82A CIRCUIT RD,371082,1.32428910717838,103.889760526482,2025-09-03
202606,2025-09,GEYLANG,3 ROOM,301,UBI AVE 1,01 TO 03,63.0,Simplified,2000,73 years 09 months,480000.0,301 UBI AVE 1,400301,1.33068802490987,103.901953040703,2025-09-03
202613,2025-09,GEYLANG,4 ROOM,104,ALJUNIED CRES,07 TO 09,92.0,New Generation,1978,51 years 05 months,580000.0,104 ALJUNIED CRES,380104,1.32006886595229,103.882818111651,2025-09-03
202615,2025-09,GEYLANG,4 ROOM,29,BALAM RD,19 TO 21,106.0,Model A,1997,70 years 11 months,870000.0,29 BALAM RD,370029,1.32999792006149,103.88704797679,2025-09-03
202864,2025-09,HOUGANG,2 ROOM,993B,BUANGKOK LINK,07 TO 09,47.0,2-room,2021,94 years 05 months,391000.0,993B BUANGKOK LINK,532993,1.38507802286744,103.882690382052,2025-09-03
202891,2025-09,HOUGANG,3 ROOM,992A,BUANGKOK LINK,10 TO 12,68.0,Model A,2019,92 years 10 months,530000.0,992A BUANGKOK LINK,531992,1.38345063152545,103.881982721855,2025-09-03
203162,2025-09,HOUGANG,4 ROOM,998A,BUANGKOK CRES,01 TO 03,94.0,Model A,2019,93 years 04 months,630000.0,998A BUANGKOK CRES,531998,1.38375782968293,103.880172193688,2025-09-03
203230,2025-09,HOUGANG,4 ROOM,994B,BUANGKOK LINK,07 TO 09,93.0,Model A,2021,94 years 05 months,655000.0,994B BUANGKOK LINK,532994,1.38577163049659,103.883484818974,2025-09-03
203449,2025-09,HOUGANG,4 ROOM,570,HOUGANG ST 51,01 TO 03,100.0,Model A,1997,70 years 09 months,575000.0,570 HOUGANG ST 51,530570,1.37796504160946,103.888219983131,2025-09-03
203886,2025-09,JURONG EAST,3 ROOM,411,PANDAN GDNS,04 TO 06,72.0,Improved,1979,52 years 09 months,382000.0,411 PANDAN GDNS,600411,1.31902239271028,103.746691863405,2025-09-03
204049,2025-09,JURONG EAST,5 ROOM,204,JURONG EAST ST 21,04 TO 06,123.0,Improved,1983,56 years 07 months,738000.0,204 JURONG EAST ST 21,600204,1.3371914743342,103.741941852951,2025-09-03
204362,2025-09,JURONG WEST,3 ROOM,527,JURONG WEST ST 52,10 TO 12,67.0,New Generation,1983,57 years,440000.0,527 JURONG WEST ST 52,640527,1.34788417193502,103.716417389865,2025-09-03
204425,2025-09,JURONG WEST,4 ROOM,217A,BOON LAY AVE,07 TO 09,94.0,Model A,2018,92 years,630000.0,217A BOON LAY AVE,641217,1.34975768459224,103.711296415279,2025-09-03
204809,2025-09,JURONG WEST,4 ROOM,338B,KANG CHING RD,04 TO 06,89.0,Model A,2012,85 years 07 months,618000.0,338B KANG CHING RD,612338,1.33813942890641,103.72191384164,2025-09-03
204810,2025-09,JURONG WEST,4 ROOM,339B,KANG CHING RD,16 TO 18,92.0,Model A,2012,85 years 07 months,655000.0,339B KANG CHING RD,612339,1.33818062578949,103.721189046311,2025-09-03
204886,2025-09,JURONG WEST,5 ROOM,444,JURONG WEST AVE 1,04 TO 06,135.0,Model A,1985,58 years 08 months,663000.0,444 JURONG WEST AVE 1,640444,1.35195380808937,103.719396655601,2025-09-03
205131,2025-09,JURONG WEST,5 ROOM,931,JURONG WEST ST 92,07 TO 09,127.0,Improved,1988,61 years 11 months,585000.0,931 JURONG WEST ST 92,640931,1.34162140661587,103.689734175235,2025-09-03
205203,2025-09,JURONG WEST,EXECUTIVE,683B,JURONG WEST CTRL 1,01 TO 03,132.0,Premium Apartment,2000,74 years 02 months,845000.0,683B JURONG WEST CTRL 1,642683,1.34297156674521,103.704760487896,2025-09-03
205228,2025-09,JURONG WEST,EXECUTIVE,656A,JURONG WEST ST 61,10 TO 12,132.0,Apartment,2002,75 years 07 months,820000.0,656A JURONG WEST ST 61,641656,1.33536857501406,103.699358001955,2025-09-03
205260,2025-09,JURONG WEST,EXECUTIVE,628,JURONG WEST ST 65,01 TO 03,130.0,Apartment,2001,75 years,807000.0,628 JURONG WEST ST 65,640628,1.34220416672257,103.699447645211,2025-09-03
205407,2025-09,KALLANG/WHAMPOA,3 ROOM,32,JLN BAHAGIA,01 TO 03,56.0,Standard,1971,44 years 05 months,298000.0,32 JLN BAHAGIA,320032,1.32613207103741,103.858096717028,2025-09-03
205774,2025-09,KALLANG/WHAMPOA,4 ROOM,3D,UPP BOON KENG RD,16 TO 18,90.0,Model A,2006,80 years,960000.0,3D UPP BOON KENG RD,384003,1.31329783863328,103.872837648285,2025-09-03
205827,2025-09,KALLANG/WHAMPOA,5 ROOM,60,GEYLANG BAHRU,10 TO 12,120.0,Improved,1999,72 years 05 months,995000.0,60 GEYLANG BAHRU,330060,1.32282118210161,103.869177870562,2025-09-03
205901,2025-09,MARINE PARADE,3 ROOM,47,MARINE CRES,10 TO 12,76.0,Improved,1975,48 years 10 months,528000.0,47 MARINE CRES,440047,1.30572354541959,103.91253050447,2025-09-03
205955,2025-09,MARINE PARADE,4 ROOM,63,MARINE DR,10 TO 12,87.0,Improved,1976,49 years 05 months,730000.0,63 MARINE DR,440063,1.3023807015581,103.909238899358,2025-09-03
206126,2025-09,PASIR RIS,4 ROOM,104,PASIR RIS ST 12,04 TO 06,104.0,Model A,1989,62 years 08 months,618000.0,104 PASIR RIS ST 12,510104,1.36795278578738,103.958702642513,2025-09-03
206371,2025-09,PASIR RIS,EXECUTIVE,101,PASIR RIS ST 12,01 TO 03,146.0,Maisonette,1988,62 years 03 months,925000.0,101 PASIR RIS ST 12,510101,1.36705021516612,103.958181857039,2025-09-03
206598,2025-09,PUNGGOL,3 ROOM,221A,SUMANG LANE,07 TO 09,68.0,Model A,2018,92 years 04 months,543000.0,221A SUMANG LANE,821221,1.40098554950776,103.89567454466,2025-09-03
206785,2025-09,PUNGGOL,4 ROOM,622A,PUNGGOL CTRL,16 TO 18,95.0,Model A,2014,87 years 08 months,701000.0,622A PUNGGOL CTRL,821622,1.39992780139037,103.911046885541,2025-09-03
207084,2025-09,PUNGGOL,4 ROOM,271C,PUNGGOL WALK,10 TO 12,93.0,Premium Apartment,2014,87 years 08 months,807000.0,271C PUNGGOL WALK,823271,1.40394165900883,103.901034337843,2025-09-03
207274,2025-09,PUNGGOL,5 ROOM,669B,EDGEFIELD PLAINS,04 TO 06,113.0,Premium Apartment,2016,89 years 10 months,805000.0,669B EDGEFIELD PLAINS,822669,1.40453606912894,103.914012816111,2025-09-03
207300,2025-09,PUNGGOL,5 ROOM,652,PUNGGOL CTRL,04 TO 06,110.0,Premium Apartment,2005,78 years 05 months,670000.0,652 PUNGGOL CTRL,820652,1.3969531114107,103.915737605224,2025-09-03
207342,2025-09,PUNGGOL,5 ROOM,659A,PUNGGOL EAST,13 TO 15,113.0,Improved,2018,92 years 03 months,820000.0,659A PUNGGOL EAST,821659,1.40057277879052,103.919657048683,2025-09-03
207393,2025-09,PUNGGOL,5 ROOM,175C,PUNGGOL FIELD,04 TO 06,110.0,Improved,2003,77 years,650000.0,175C PUNGGOL FIELD,823175,1.39813468812652,103.908148099382,2025-09-03
207570,2025-09,QUEENSTOWN,3 ROOM,101,C'WEALTH CRES,04 TO 06,55.0,Standard,1970,43 years 10 months,340000.0,101 C'WEALTH CRES,140101,1.30805159231327,103.800842814413,2025-09-03
207651,2025-09,QUEENSTOWN,3 ROOM,6,GHIM MOH RD,13 TO 15,65.0,Improved,1976,49 years 11 months,390000.0,6 GHIM MOH RD,270006,1.31228409003273,103.78840388918,2025-09-03
207668,2025-09,QUEENSTOWN,3 ROOM,9,HOLLAND AVE,01 TO 03,73.0,Improved,1974,47 years 09 months,488000.0,9 HOLLAND AVE,272009,1.3075559256341,103.794443576453,2025-09-03
208132,2025-09,SEMBAWANG,3 ROOM,593A,MONTREAL LINK,01 TO 03,68.0,Model A,2015,88 years 08 months,488000.0,593A MONTREAL LINK,751593,1.45154716074707,103.827907536375,2025-09-03
208442,2025-09,SEMBAWANG,4 ROOM,101B,CANBERRA ST,01 TO 03,93.0,Model A,2020,94 years 04 months,610000.0,101B CANBERRA ST,752101,1.45166310353079,103.831174909166,2025-09-03
208443,2025-09,SEMBAWANG,4 ROOM,103A,CANBERRA ST,13 TO 15,93.0,Model A,2020,94 years 04 months,640000.0,103A CANBERRA ST,751103,1.45103006132424,103.830534008712,2025-09-03
208625,2025-09,SEMBAWANG,5 ROOM,401,ADMIRALTY LINK,04 TO 06,110.0,Improved,2001,74 years 08 months,595000.0,401 ADMIRALTY LINK,750401,1.45427018021651,103.815812639222,2025-09-03
208745,2025-09,SEMBAWANG,5 ROOM,128A,CANBERRA ST,04 TO 06,113.0,Improved,2018,92 years 02 months,760000.0,128A CANBERRA ST,751128,1.44572196543585,103.833276458051,2025-09-03
208775,2025-09,SEMBAWANG,5 ROOM,329,SEMBAWANG CL,16 TO 18,115.0,Improved,1999,72 years 11 months,720888.0,329 SEMBAWANG CL,750329,1.44635110057387,103.817664303233,2025-09-03
208776,2025-09,SEMBAWANG,5 ROOM,340A,SEMBAWANG CL,01 TO 03,111.0,Premium Apartment,2001,74 years 10 months,585000.0,340A SEMBAWANG CL,751340,1.44753390062501,103.81789234547,2025-09-03
208820,2025-09,SEMBAWANG,5 ROOM,507C,WELLINGTON CIRCLE,10 TO 12,110.0,Improved,2001,75 years 04 months,650000.0,507C WELLINGTON CIRCLE,753507,1.4517313216515,103.823451879244,2025-09-03
209072,2025-09,SENGKANG,3 ROOM,450C,SENGKANG WEST WAY,07 TO 09,67.0,Model A,2014,87 years 11 months,550000.0,450C SENGKANG WEST WAY,793450,1.39381453106764,103.873364255801,2025-09-03
209271,2025-09,SENGKANG,4 ROOM,287A,COMPASSVALE CRES,13 TO 15,93.0,Premium Apartment,2017,91 years 03 months,705000.0,287A COMPASSVALE CRES,541287,1.39843751923085,103.895957792826,2025-09-03
209301,2025-09,SENGKANG,4 ROOM,217A,COMPASSVALE DR,07 TO 09,92.0,Premium Apartment,2017,90 years 09 months,835000.0,217A COMPASSVALE DR,541217,1.38930950392919,103.893783691203,2025-09-03
209772,2025-09,SENGKANG,4 ROOM,448A,SENGKANG WEST WAY,10 TO 12,92.0,Model A,2014,87 years 11 months,668888.0,448A SENGKANG WEST WAY,791448,1.39293649855269,103.87299848136,2025-09-03
210008,2025-09,SENGKANG,5 ROOM,237,COMPASSVALE WALK,10 TO 12,122.0,Improved,1999,73 years 02 months,738000.0,237 COMPASSVALE WALK,540237,1.3898678837082,103.898520282397,2025-09-03
210255,2025-09,SENGKANG,EXECUTIVE,307B,ANCHORVALE RD,10 TO 12,125.0,Apartment,2001,75 years 03 months,865000.0,307B ANCHORVALE RD,542307,1.38954465344023,103.887443517634,2025-09-03
210637,2025-09,TAMPINES,3 ROOM,523B,TAMPINES CTRL 7,13 TO 15,67.0,Model A,2015,89 years,640000.0,523B TAMPINES CTRL 7,522523,1.35986668073238,103.938372890966,2025-09-03
210922,2025-09,TAMPINES,4 ROOM,117,SIMEI ST 1,07 TO 09,84.0,Simplified,1988,61 years 08 months,580000.0,117 SIMEI ST 1,520117,1.34458555119791,103.951315573207,2025-09-03
210961,2025-09,TAMPINES,4 ROOM,812,TAMPINES AVE 4,07 TO 09,91.0,New Generation,1984,58 years 01 month,615000.0,812 TAMPINES AVE 4,520812,1.34695403231693,103.937332877241,2025-09-03
211244,2025-09,TAMPINES,4 ROOM,250,TAMPINES ST 21,07 TO 09,117.0,Model A,1984,58 years 04 months,660000.0,250 TAMPINES ST 21,520250,1.35231862292149,103.948457987374,2025-09-03
211423,2025-09,TAMPINES,4 ROOM,705,TAMPINES ST 71,16 TO 18,99.0,Model A,1997,70 years 11 months,695000.0,705 TAMPINES ST 71,520705,1.35711597364175,103.937284846318,2025-09-03
211738,2025-09,TAMPINES,5 ROOM,216,TAMPINES ST 23,10 TO 12,121.0,Improved,1985,58 years 07 months,718888.0,216 TAMPINES ST 23,520216,1.35401799259079,103.952704018124,2025-09-03
212049,2025-09,TOA PAYOH,3 ROOM,195,KIM KEAT AVE,10 TO 12,66.0,Improved,1973,46 years 11 months,351000.0,195 KIM KEAT AVE,310195,1.33008102222991,103.858354604112,2025-09-03
212119,2025-09,TOA PAYOH,3 ROOM,108,LOR 1 TOA PAYOH,01 TO 03,66.0,Improved,1970,43 years 05 months,369000.0,108 LOR 1 TOA PAYOH,310108,1.34155252910062,103.847295147125,2025-09-03
212751,2025-09,WOODLANDS,2 ROOM,780B,WOODLANDS CRES,01 TO 03,47.0,Model A,2015,89 years,350000.0,780B WOODLANDS CRES,732780,1.448942460118,103.801016266355,2025-09-03
212821,2025-09,WOODLANDS,3 ROOM,125,MARSILING RISE,07 TO 09,60.0,Improved,1985,58 years 05 months,390000.0,125 MARSILING RISE,730125,1.43848292251437,103.779524807409,2025-09-03
212932,2025-09,WOODLANDS,4 ROOM,8,MARSILING DR,01 TO 03,90.0,Improved,1976,49 years 05 months,400000.0,8 MARSILING DR,730008,1.44134504107456,103.777182721751,2025-09-03
213089,2025-09,WOODLANDS,4 ROOM,779,WOODLANDS CRES,04 TO 06,101.0,Model A,1997,71 years 03 months,543888.0,779 WOODLANDS CRES,730779,1.44751212351612,103.800282171983,2025-09-03
213220,2025-09,WOODLANDS,4 ROOM,890B,WOODLANDS DR 50,04 TO 06,93.0,Model A,2017,90 years 11 months,628888.0,890B WOODLANDS DR 50,732890,1.43823874589707,103.792452185805,2025-09-03
213293,2025-09,WOODLANDS,4 ROOM,795,WOODLANDS DR 72,10 TO 12,100.0,Model A,1998,71 years 05 months,603000.0,795 WOODLANDS DR 72,730795,1.44282035100621,103.804146233239,2025-09-03
213521,2025-09,WOODLANDS,5 ROOM,348,WOODLANDS AVE 3,01 TO 03,122.0,Improved,1988,62 years,640000.0,348 WOODLANDS AVE 3,730348,1.43293946017439,103.781881394457,2025-09-03
213830,2025-09,WOODLANDS,5 ROOM,184A,WOODLANDS ST 13,07 TO 09,113.0,Improved,2019,93 years 02 months,785000.0,184A WOODLANDS ST 13,731184,1.43611569878667,103.777087417647,2025-09-03
214122,2025-09,YISHUN,3 ROOM,740,YISHUN AVE 5,07 TO 09,67.0,New Generation,1985,58 years 07 months,433000.0,740 YISHUN AVE 5,760740,1.43012361713357,103.832153164362,2025-09-03
214371,2025-09,YISHUN,3 ROOM,722,YISHUN ST 71,01 TO 03,64.0,Simplified,1987,61 years 02 months,390000.0,722 YISHUN ST 71,760722,1.42566715797556,103.829016104284,2025-09-03
214372,2025-09,YISHUN,3 ROOM,728,YISHUN ST 71,07 TO 09,64.0,Simplified,1987,60 years 05 months,400000.0,728 YISHUN ST 71,760728,1.4257896294341,103.830526963765,2025-09-03
214606,2025-09,YISHUN,4 ROOM,462D,YISHUN AVE 6,01 TO 03,93.0,Model A,2019,93 years,595000.0,462D YISHUN AVE 6,764462,1.42803884912514,103.850959508396,2025-09-03
214642,2025-09,YISHUN,4 ROOM,315C,YISHUN AVE 9,10 TO 12,92.0,Model A,2015,89 years 02 months,610000.0,315C YISHUN AVE 9,763315,1.43236735703997,103.843300870773,2025-09-03
214747,2025-09,YISHUN,4 ROOM,137,YISHUN RING RD,01 TO 03,96.0,New Generation,1985,58 years 05 months,545000.0,137 YISHUN RING RD,760137,1.43198319567796,103.830253382367,2025-09-03
214780,2025-09,YISHUN,4 ROOM,233,YISHUN ST 21,01 TO 03,93.0,New Generation,1985,59 years 01 month,568000.0,233 YISHUN ST 21,760233,1.43494883445469,103.83815958338,2025-09-03
214813,2025-09,YISHUN,4 ROOM,259,YISHUN ST 22,01 TO 03,84.0,Simplified,1986,59 years 10 months,500000.0,259 YISHUN ST 22,760259,1.43498006358563,103.8389647186,2025-09-03
214843,2025-09,YISHUN,4 ROOM,453,YISHUN ST 41,07 TO 09,93.0,Model A,2013,87 years,593000.0,453 YISHUN ST 41,760453,1.41991034065013,103.845554822212,2025-09-03
215052,2025-09,YISHUN,5 ROOM,509B,YISHUN AVE 4,04 TO 06,113.0,Improved,2018,91 years 08 months,708000.0,509B YISHUN AVE 4,762509,1.41379975962339,103.840131905186,2025-09-03
215074,2025-09,YISHUN,5 ROOM,315A,YISHUN AVE 9,04 TO 06,112.0,Improved,2015,89 years 03 months,721000.0,315A YISHUN AVE 9,761315,1.43238385408312,103.842384119393,2025-09-03
215232,2025-09,YISHUN,EXECUTIVE,631,YISHUN ST 61,01 TO 03,152.0,Apartment,1992,65 years 10 months,900000.0,631 YISHUN ST 61,760631,1.41835313714077,103.838412790486,2025-09-03
197477,2025-09,ANG MO KIO,4 ROOM,344,ANG MO KIO AVE 3,04 TO 06,98.0,New Generation,1978,51 years 08 months,635000.0,344 ANG MO KIO AVE 3,560344,1.36797705108684,103.849264839398,2025-09-04
197498,2025-09,ANG MO KIO,4 ROOM,612,ANG MO KIO AVE 4,07 TO 09,91.0,New Generation,1980,54 years,560000.0,612 ANG MO KIO AVE 4,560612,1.37890791374409,103.838602654716,2025-09-04
197510,2025-09,ANG MO KIO,4 ROOM,649,ANG MO KIO AVE 5,07 TO 09,99.0,New Generation,1980,54 years 03 months,648000.0,649 ANG MO KIO AVE 5,560649,1.37776263842074,103.843782193293,2025-09-04
197525,2025-09,ANG MO KIO,4 ROOM,638,ANG MO KIO AVE 6,04 TO 06,92.0,New Generation,1980,53 years 11 months,588000.0,638 ANG MO KIO AVE 6,560638,1.38047559647224,103.843567764408,2025-09-04
197737,2025-09,BEDOK,3 ROOM,520,BEDOK NTH AVE 1,01 TO 03,67.0,New Generation,1979,52 years 11 months,408000.0,520 BEDOK NTH AVE 1,460520,1.33046461779259,103.92813426172,2025-09-04
197803,2025-09,BEDOK,3 ROOM,116,BEDOK NTH RD,07 TO 09,73.0,New Generation,1978,51 years 09 months,483888.0,116 BEDOK NTH RD,460116,1.33100823526591,103.938066838998,2025-09-04
198025,2025-09,BEDOK,3 ROOM,58,CHAI CHEE DR,04 TO 06,76.0,Model A,1983,57 years 04 months,456000.0,58 CHAI CHEE DR,460058,1.32596077136527,103.919733095241,2025-09-04
198222,2025-09,BEDOK,4 ROOM,188B,BEDOK NTH ST 4,10 TO 12,93.0,Model A,2018,92 years 04 months,880000.0,188B BEDOK NTH ST 4,462188,1.33196249675669,103.941467643694,2025-09-04
198291,2025-09,BEDOK,4 ROOM,623,BEDOK RESERVOIR RD,10 TO 12,92.0,New Generation,1981,54 years 07 months,596888.0,623 BEDOK RESERVOIR RD,470623,1.33365754294799,103.916804692739,2025-09-04
198292,2025-09,BEDOK,4 ROOM,704,BEDOK RESERVOIR RD,01 TO 03,96.0,New Generation,1981,54 years 11 months,540000.0,704 BEDOK RESERVOIR RD,470704,1.33635490577951,103.920203566512,2025-09-04
198615,2025-09,BISHAN,3 ROOM,406,SIN MING AVE,04 TO 06,64.0,Simplified,1987,60 years 08 months,570000.0,406 SIN MING AVE,570406,1.36294455374689,103.834093500169,2025-09-04
198839,2025-09,BISHAN,EXECUTIVE,212,BISHAN ST 23,04 TO 06,149.0,Maisonette,1992,65 years 09 months,1200000.0,212 BISHAN ST 23,570212,1.35627246709414,103.848249854181,2025-09-04
198992,2025-09,BUKIT BATOK,3 ROOM,217,BT BATOK ST 21,10 TO 12,67.0,New Generation,1984,58 years 04 months,410000.0,217 BT BATOK ST 21,650217,1.34673392184416,103.754727840299,2025-09-04
199872,2025-09,BUKIT MERAH,3 ROOM,105A,DEPOT RD,07 TO 09,67.0,Model A,2017,91 years 03 months,680000.0,105A DEPOT RD,101105,1.28107116546835,103.811405730352,2025-09-04
199967,2025-09,BUKIT MERAH,3 ROOM,41,KIM CHENG ST,01 TO 03,88.0,Standard,1973,46 years 05 months,680888.0,41 KIM CHENG ST,160041,1.2846906958963,103.831590918207,2025-09-04
199983,2025-09,BUKIT MERAH,3 ROOM,86,REDHILL CL,04 TO 06,59.0,Improved,1973,46 years 05 months,418000.0,86 REDHILL CL,150086,1.2869200622963,103.818673592235,2025-09-04
200479,2025-09,BUKIT MERAH,5 ROOM,17A,TELOK BLANGAH CRES,25 TO 27,119.0,Improved,2002,75 years 05 months,968000.0,17A TELOK BLANGAH CRES,91017,1.27738260692574,103.821603980031,2025-09-04
200724,2025-09,BUKIT PANJANG,4 ROOM,143,PETIR RD,04 TO 06,103.0,Model A,1988,62 years 03 months,530000.0,143 PETIR RD,670143,1.37637448213033,103.76732428038,2025-09-04
200924,2025-09,BUKIT PANJANG,5 ROOM,534,JELAPANG RD,19 TO 21,121.0,Improved,1999,72 years 09 months,815000.0,534 JELAPANG RD,670534,1.38442024544603,103.764216360638,2025-09-04
201403,2025-09,CHOA CHU KANG,4 ROOM,425,CHOA CHU KANG AVE 4,01 TO 03,104.0,Model A,1992,65 years 11 months,560000.0,425 CHOA CHU KANG AVE 4,680425,1.38121893045435,103.739482403988,2025-09-04
201593,2025-09,CHOA CHU KANG,4 ROOM,615,CHOA CHU KANG ST 62,04 TO 06,108.0,Model A,1996,69 years 10 months,528000.0,615 CHOA CHU KANG ST 62,680615,1.40089907208214,103.744889705072,2025-09-04
201853,2025-09,CHOA CHU KANG,5 ROOM,514,CHOA CHU KANG ST 51,10 TO 12,130.0,Improved,1995,69 years 01 month,654500.0,514 CHOA CHU KANG ST 51,680514,1.3903050833703,103.74308786685,2025-09-04
202222,2025-09,CLEMENTI,4 ROOM,420,CLEMENTI AVE 1,04 TO 06,96.0,Model A,2013,87 years 01 month,915000.0,420 CLEMENTI AVE 1,120420,1.31004548976462,103.769123845594,2025-09-04
202373,2025-09,CLEMENTI,5 ROOM,459,CLEMENTI AVE 3,16 TO 18,110.0,Improved,2002,76 years 04 months,1025000.0,459 CLEMENTI AVE 3,120459,1.31138941636299,103.767093175978,2025-09-04
202546,2025-09,GEYLANG,3 ROOM,61,CIRCUIT RD,01 TO 03,59.0,Standard,1969,42 years 05 months,305000.0,61 CIRCUIT RD,370061,1.32573742833728,103.887054329523,2025-09-04
202547,2025-09,GEYLANG,3 ROOM,65,CIRCUIT RD,07 TO 09,59.0,Standard,1967,40 years 05 months,330000.0,65 CIRCUIT RD,370065,1.32740031002016,103.887203611284,2025-09-04
202746,2025-09,GEYLANG,4 ROOM,9,PINE CL,10 TO 12,102.0,Model A,1997,71 years 03 months,975000.0,9 PINE CL,390009,1.30946949657983,103.882437524567,2025-09-04
203140,2025-09,HOUGANG,3 ROOM,473B,UPP SERANGOON CRES,07 TO 09,68.0,Model A,2017,90 years 10 months,560000.0,473B UPP SERANGOON CRES,532473,1.37593845080051,103.901084524846,2025-09-04
203141,2025-09,HOUGANG,3 ROOM,475C,UPP SERANGOON CRES,04 TO 06,67.0,DBSS,2014,88 years 03 months,550000.0,475C UPP SERANGOON CRES,533475,1.3752181944865,103.899995251993,2025-09-04
203430,2025-09,HOUGANG,4 ROOM,419,HOUGANG AVE 8,04 TO 06,113.0,Model A,1989,62 years 11 months,640000.0,419 HOUGANG AVE 8,530419,1.3761286530375,103.894831285996,2025-09-04
203678,2025-09,HOUGANG,5 ROOM,835,HOUGANG CTRL,01 TO 03,122.0,Improved,1992,66 years 02 months,805000.0,835 HOUGANG CTRL,530835,1.37036355618575,103.889999645495,2025-09-04
204031,2025-09,JURONG EAST,4 ROOM,23,TEBAN GDNS RD,25 TO 27,87.0,Model A,2013,87 years 01 month,650000.0,23 TEBAN GDNS RD,600023,1.32285773181424,103.73923873397,2025-09-04
204159,2025-09,JURONG EAST,EXECUTIVE,286C,TOH GUAN RD,07 TO 09,144.0,Apartment,1998,72 years 04 months,1060000.0,286C TOH GUAN RD,603286,1.33894552718533,103.744452232566,2025-09-04
204324,2025-09,JURONG WEST,3 ROOM,484,JURONG WEST AVE 1,01 TO 03,67.0,New Generation,1985,58 years 11 months,400000.0,484 JURONG WEST AVE 1,640484,1.34820888556575,103.726357754906,2025-09-04
204352,2025-09,JURONG WEST,3 ROOM,456,JURONG WEST ST 41,04 TO 06,67.0,New Generation,1985,58 years 07 months,375000.0,456 JURONG WEST ST 41,640456,1.35067572843469,103.720022392894,2025-09-04
204464,2025-09,JURONG WEST,4 ROOM,218A,BOON LAY AVE,07 TO 09,94.0,Model A,2018,91 years 11 months,640000.0,218A BOON LAY AVE,641218,1.34996858706692,103.710539626132,2025-09-04
204663,2025-09,JURONG WEST,4 ROOM,655B,JURONG WEST ST 61,07 TO 09,85.0,Model A2,2002,76 years 02 months,550000.0,655B JURONG WEST ST 61,642655,1.33550103973985,103.697513956741,2025-09-04
204787,2025-09,JURONG WEST,4 ROOM,852,JURONG WEST ST 81,07 TO 09,107.0,Model A,1996,69 years 08 months,500000.0,852 JURONG WEST ST 81,640852,1.34744620469093,103.692827944039,2025-09-04
204917,2025-09,JURONG WEST,5 ROOM,209,BOON LAY PL,01 TO 03,130.0,Adjoined flat,1976,49 years 09 months,639000.0,209 BOON LAY PL,640209,1.34625797211644,103.715154716629,2025-09-04
205070,2025-09,JURONG WEST,5 ROOM,664C,JURONG WEST ST 64,10 TO 12,110.0,Improved,2000,74 years,700000.0,664C JURONG WEST ST 64,643664,1.33821125273272,103.703155643642,2025-09-04
205071,2025-09,JURONG WEST,5 ROOM,683C,JURONG WEST ST 64,13 TO 15,111.0,Premium Apartment,2000,74 years 02 months,668888.0,683C JURONG WEST ST 64,643683,1.34333442575136,103.704701215266,2025-09-04
205122,2025-09,JURONG WEST,5 ROOM,749,JURONG WEST ST 73,01 TO 03,122.0,Improved,1990,64 years,600000.0,749 JURONG WEST ST 73,640749,1.34806612832922,103.698072199306,2025-09-04
205496,2025-09,KALLANG/WHAMPOA,3 ROOM,63,KALLANG BAHRU,07 TO 09,76.0,Improved,1974,47 years 05 months,480000.0,63 KALLANG BAHRU,330063,1.32100020851204,103.868321383856,2025-09-04
205497,2025-09,KALLANG/WHAMPOA,3 ROOM,64,KALLANG BAHRU,04 TO 06,65.0,Improved,1974,47 years 05 months,400000.0,64 KALLANG BAHRU,330064,1.32034663718702,103.86834750594,2025-09-04
205890,2025-09,KALLANG/WHAMPOA,5 ROOM,108C,MCNAIR RD,28 TO 30,119.0,Improved,2005,78 years 05 months,1200000.0,108C MCNAIR RD,324108,1.31984417513752,103.859462494536,2025-09-04
205893,2025-09,KALLANG/WHAMPOA,5 ROOM,467,NTH BRIDGE RD,13 TO 15,120.0,Adjoined flat,1978,52 years 02 months,875000.0,467 NTH BRIDGE RD,190467,1.30522205395223,103.862906450772,2025-09-04
206014,2025-09,MARINE PARADE,4 ROOM,55,MARINE TER,13 TO 15,88.0,Improved,1975,48 years 05 months,680000.0,55 MARINE TER,440055,1.30542368483748,103.914004754803,2025-09-04
206030,2025-09,MARINE PARADE,5 ROOM,72,MARINE DR,13 TO 15,122.0,Standard,1977,50 years 05 months,1020000.0,72 MARINE DR,440072,1.30428356986834,103.908364873073,2025-09-04
206031,2025-09,MARINE PARADE,5 ROOM,77,MARINE DR,19 TO 21,117.0,Standard,1977,50 years 05 months,1000000.0,77 MARINE DR,440077,1.3020158078523,103.908586206495,2025-09-04
206298,2025-09,PASIR RIS,5 ROOM,125,PASIR RIS ST 11,07 TO 09,123.0,Improved,1989,62 years 07 months,725000.0,125 PASIR RIS ST 11,510125,1.36618432371868,103.954324674252,2025-09-04
206497,2025-09,PUNGGOL,2 ROOM,405B,NORTHSHORE DR,04 TO 06,47.0,Model A,2021,94 years 09 months,385000.0,405B NORTHSHORE DR,822405,1.41606976127308,103.901828257181,2025-09-04
206557,2025-09,PUNGGOL,3 ROOM,670C,EDGEFIELD PLAINS,07 TO 09,68.0,Premium Apartment,2016,89 years 10 months,548000.0,670C EDGEFIELD PLAINS,823670,1.40534285786675,103.913933278721,2025-09-04
206796,2025-09,PUNGGOL,4 ROOM,406C,NORTHSHORE DR,07 TO 09,94.0,Model A,2021,94 years 09 months,728000.0,406C NORTHSHORE DR,823406,1.41663507165683,103.901324326027,2025-09-04
207143,2025-09,PUNGGOL,4 ROOM,211B,PUNGGOL WALK,04 TO 06,92.0,Model A,2014,87 years 08 months,660000.0,211B PUNGGOL WALK,822211,1.40116989540271,103.899920878173,2025-09-04
207212,2025-09,PUNGGOL,4 ROOM,226C,SUMANG LANE,04 TO 06,93.0,Premium Apartment,2018,91 years 07 months,660000.0,226C SUMANG LANE,823226,1.40258109606452,103.89401748623,2025-09-04
207305,2025-09,PUNGGOL,5 ROOM,684B,EDGEDALE PLAINS,07 TO 09,113.0,Premium Apartment,2018,92 years,880000.0,684B EDGEDALE PLAINS,822684,1.40302713233008,103.915005575569,2025-09-04
207338,2025-09,PUNGGOL,5 ROOM,406B,NORTHSHORE DR,07 TO 09,112.0,Improved,2021,94 years 09 months,920000.0,406B NORTHSHORE DR,822406,1.41641214258513,103.901126898923,2025-09-04
207472,2025-09,PUNGGOL,5 ROOM,207B,PUNGGOL PL,13 TO 15,112.0,Improved,2014,87 years 10 months,860000.0,207B PUNGGOL PL,822207,1.40032558873828,103.900735275237,2025-09-04
208146,2025-09,SEMBAWANG,3 ROOM,117A,CANBERRA CRES,07 TO 09,68.0,Model A,2020,93 years 09 months,575000.0,117A CANBERRA CRES,751117,1.44497965573574,103.830518633862,2025-09-04
208315,2025-09,SEMBAWANG,4 ROOM,131C,CANBERRA CRES,10 TO 12,92.0,Model A,2020,94 years 01 month,808000.0,131C CANBERRA CRES,753131,1.44396456450031,103.830575292056,2025-09-04
208332,2025-09,SEMBAWANG,4 ROOM,425,CANBERRA RD,07 TO 09,90.0,Model A,2001,74 years 08 months,524000.0,425 CANBERRA RD,750425,1.4543786727951,103.818678117563,2025-09-04
208510,2025-09,SEMBAWANG,4 ROOM,104B,CANBERRA ST,04 TO 06,93.0,Model A,2018,91 years 11 months,595000.0,104B CANBERRA ST,752104,1.45007421711069,103.831377046227,2025-09-04
208511,2025-09,SEMBAWANG,4 ROOM,126D,CANBERRA ST,07 TO 09,96.0,Model A,2020,94 years 02 months,704000.0,126D CANBERRA ST,754126,1.4465750273277,103.834792499436,2025-09-04
208708,2025-09,SEMBAWANG,5 ROOM,120C,CANBERRA CRES,07 TO 09,113.0,Improved,2018,91 years 06 months,820000.0,120C CANBERRA CRES,753120,1.44707143643003,103.83280231533,2025-09-04
208731,2025-09,SEMBAWANG,5 ROOM,352B,CANBERRA RD,13 TO 15,113.0,Improved,2001,75 years 03 months,680000.0,352B CANBERRA RD,752352,1.45029896549211,103.819814828234,2025-09-04
208905,2025-09,SEMBAWANG,EXECUTIVE,354D,ADMIRALTY DR,04 TO 06,125.0,Apartment,2002,75 years 05 months,785000.0,354D ADMIRALTY DR,754354,1.45078388181645,103.818644888494,2025-09-04
209404,2025-09,SENGKANG,4 ROOM,209C,COMPASSVALE LANE,07 TO 09,92.0,Model A,2011,85 years 03 months,648000.0,209C COMPASSVALE LANE,543209,1.38399373466045,103.899173530483,2025-09-04
209405,2025-09,SENGKANG,4 ROOM,211B,COMPASSVALE LANE,13 TO 15,95.0,Model A,2013,86 years 06 months,670000.0,211B COMPASSVALE LANE,542211,1.38508719120599,103.898737047703,2025-09-04
209450,2025-09,SENGKANG,4 ROOM,267B,COMPASSVALE LINK,10 TO 12,90.0,Premium Apartment,2006,79 years 06 months,660000.0,267B COMPASSVALE LINK,542267,1.38319999468029,103.897433235307,2025-09-04
209505,2025-09,SENGKANG,4 ROOM,223D,COMPASSVALE WALK,04 TO 06,102.0,Model A,1999,72 years 09 months,610000.0,223D COMPASSVALE WALK,544223,1.38907484388669,103.897367568133,2025-09-04
209554,2025-09,SENGKANG,4 ROOM,467B,FERNVALE LINK,19 TO 21,93.0,Model A,2016,90 years,655000.0,467B FERNVALE LINK,792467,1.39807105476614,103.877933381661,2025-09-04
209671,2025-09,SENGKANG,4 ROOM,164A,RIVERVALE CRES,13 TO 15,93.0,Model A,2017,90 years 09 months,668000.0,164A RIVERVALE CRES,541164,1.39007029696728,103.907273221559,2025-09-04
209952,2025-09,SENGKANG,5 ROOM,313B,ANCHORVALE RD,07 TO 09,110.0,Premium Apartment,2003,77 years,678000.0,313B ANCHORVALE RD,542313,1.39134850373845,103.888012432395,2025-09-04
210272,2025-09,SENGKANG,5 ROOM,323A,SENGKANG EAST WAY,13 TO 15,110.0,Improved,2003,76 years 07 months,742000.0,323A SENGKANG EAST WAY,541323,1.39271007825759,103.892999544688,2025-09-04
210306,2025-09,SENGKANG,5 ROOM,458A,SENGKANG WEST RD,10 TO 12,113.0,Improved,2020,94 years 01 month,838000.0,458A SENGKANG WEST RD,791458,1.39296840561775,103.869572197299,2025-09-04
210328,2025-09,SENGKANG,EXECUTIVE,314D,ANCHORVALE LINK,07 TO 09,125.0,Premium Apartment,2003,76 years 09 months,870000.0,314D ANCHORVALE LINK,544314,1.39142658189252,103.889253370265,2025-09-04
210871,2025-09,TAMPINES,3 ROOM,406,TAMPINES ST 41,10 TO 12,64.0,Simplified,1986,60 years 02 months,488000.0,406 TAMPINES ST 41,520406,1.35782898281099,103.945792875974,2025-09-04
210888,2025-09,TAMPINES,3 ROOM,438,TAMPINES ST 43,10 TO 12,74.0,Model A,1985,59 years 04 months,500000.0,438 TAMPINES ST 43,520438,1.360314073838,103.951590617952,2025-09-04
210902,2025-09,TAMPINES,3 ROOM,605B,TAMPINES ST 61,01 TO 03,68.0,Model A,2020,93 years 06 months,560000.0,605B TAMPINES ST 61,522605,1.3623711834696,103.935192775972,2025-09-04
210965,2025-09,TAMPINES,4 ROOM,165,SIMEI RD,01 TO 03,104.0,Model A,1989,62 years 08 months,625000.0,165 SIMEI RD,520165,1.34553016120065,103.959248804134,2025-09-04
211101,2025-09,TAMPINES,4 ROOM,486B,TAMPINES AVE 9,01 TO 03,107.0,Model A,1993,67 years 01 month,610000.0,486B TAMPINES AVE 9,521486,1.35919256321783,103.956796780851,2025-09-04
211125,2025-09,TAMPINES,4 ROOM,522B,TAMPINES CTRL 7,13 TO 15,93.0,Model A,2015,89 years,825000.0,522B TAMPINES CTRL 7,522522,1.35782276633146,103.939084809112,2025-09-04
211138,2025-09,TAMPINES,4 ROOM,520A,TAMPINES CTRL 8,01 TO 03,84.0,DBSS,2014,87 years 10 months,780000.0,520A TAMPINES CTRL 8,521520,1.35701024664546,103.939911246503,2025-09-04
211272,2025-09,TAMPINES,4 ROOM,609C,TAMPINES NTH DR 1,04 TO 06,93.0,Model A,2020,94 years 02 months,739888.0,609C TAMPINES NTH DR 1,523609,1.3636897807061,103.936514982808,2025-09-04
211432,2025-09,TAMPINES,4 ROOM,464,TAMPINES ST 44,01 TO 03,84.0,Simplified,1985,59 years 02 months,535000.0,464 TAMPINES ST 44,520464,1.35978643414966,103.955172148994,2025-09-04
211454,2025-09,TAMPINES,4 ROOM,498E,TAMPINES ST 45,04 TO 06,106.0,Premium Apartment,1997,70 years 08 months,630000.0,498E TAMPINES ST 45,523498,1.36148618155639,103.959056255163,2025-09-04
211644,2025-09,TAMPINES,5 ROOM,804,TAMPINES AVE 4,07 TO 09,125.0,Improved,1984,58 years 04 months,832000.0,804 TAMPINES AVE 4,520804,1.34574956989375,103.937371558302,2025-09-04
212428,2025-09,TOA PAYOH,4 ROOM,118A,ALKAFF CRES,01 TO 03,93.0,Model A,2020,94 years 04 months,1008000.0,118A ALKAFF CRES,341118,1.33649028446747,103.873777299654,2025-09-04
212614,2025-09,TOA PAYOH,4 ROOM,145,POTONG PASIR AVE 2,04 TO 06,104.0,Model A,1984,57 years 11 months,775000.0,145 POTONG PASIR AVE 2,350145,1.33237317770639,103.866165158665,2025-09-04
212719,2025-09,TOA PAYOH,5 ROOM,259,KIM KEAT AVE,10 TO 12,128.0,Improved,1989,62 years 06 months,850128.0,259 KIM KEAT AVE,310259,1.33389588710225,103.857558824931,2025-09-04
212989,2025-09,WOODLANDS,3 ROOM,161,WOODLANDS ST 13,10 TO 12,73.0,Model A,1990,63 years 08 months,463000.0,161 WOODLANDS ST 13,730161,1.43333488963202,103.773674041501,2025-09-04
213373,2025-09,WOODLANDS,4 ROOM,682A,WOODLANDS DR 62,01 TO 03,101.0,Premium Apartment,2000,73 years 06 months,570000.0,682A WOODLANDS DR 62,731682,1.44031862988978,103.803284675318,2025-09-04
213407,2025-09,WOODLANDS,4 ROOM,684B,WOODLANDS DR 73,01 TO 03,101.0,Premium Apartment,2000,73 years 06 months,580000.0,684B WOODLANDS DR 73,732684,1.44183723559288,103.804766373294,2025-09-04
213429,2025-09,WOODLANDS,4 ROOM,689B,WOODLANDS DR 75,01 TO 03,90.0,Premium Apartment,2004,77 years 07 months,505000.0,689B WOODLANDS DR 75,732689,1.44446942805204,103.808397457375,2025-09-04
213481,2025-09,WOODLANDS,4 ROOM,783B,WOODLANDS RISE,04 TO 06,93.0,Model A,2018,91 years 11 months,588000.0,783B WOODLANDS RISE,732783,1.44701000965699,103.803804116178,2025-09-04
213538,2025-09,WOODLANDS,4 ROOM,321,WOODLANDS ST 32,04 TO 06,89.0,Simplified,1994,67 years 05 months,520000.0,321 WOODLANDS ST 32,730321,1.43188553711066,103.779323207159,2025-09-04
213590,2025-09,WOODLANDS,4 ROOM,839,WOODLANDS ST 82,10 TO 12,106.0,Model A,1996,70 years,578000.0,839 WOODLANDS ST 82,730839,1.44272213958686,103.791731283274,2025-09-04
213591,2025-09,WOODLANDS,4 ROOM,874,WOODLANDS ST 82,10 TO 12,108.0,Model A,1996,69 years 07 months,580000.0,874 WOODLANDS ST 82,730874,1.44293234437699,103.7895456612,2025-09-04
213821,2025-09,WOODLANDS,5 ROOM,717,WOODLANDS DR 70,04 TO 06,119.0,Improved,1997,70 years 10 months,680000.0,717 WOODLANDS DR 70,730717,1.44084734957997,103.799421965632,2025-09-04
213829,2025-09,WOODLANDS,5 ROOM,673,WOODLANDS DR 71,01 TO 03,110.0,Improved,2000,73 years 11 months,650000.0,673 WOODLANDS DR 71,730673,1.43918808232966,103.800067933684,2025-09-04
213943,2025-09,WOODLANDS,5 ROOM,344,WOODLANDS ST 32,07 TO 09,122.0,Improved,1993,66 years 06 months,620000.0,344 WOODLANDS ST 32,730344,1.43207266699216,103.780455054811,2025-09-04
214052,2025-09,WOODLANDS,EXECUTIVE,320,WOODLANDS ST 32,01 TO 03,156.0,Maisonette,1985,59 years 01 month,930000.0,320 WOODLANDS ST 32,730320,1.43154436490385,103.778095217113,2025-09-04
214053,2025-09,WOODLANDS,EXECUTIVE,345,WOODLANDS ST 32,10 TO 12,172.0,Apartment,1995,68 years 05 months,1033000.0,345 WOODLANDS ST 32,730345,1.43245895439208,103.780459402089,2025-09-04
214337,2025-09,YISHUN,3 ROOM,402,YISHUN RING RD,10 TO 12,74.0,Model A,1989,62 years 06 months,425000.0,402 YISHUN RING RD,760402,1.42654968667614,103.847265134763,2025-09-04
214338,2025-09,YISHUN,3 ROOM,813B,YISHUN RING RD,01 TO 03,67.0,Model A,2018,91 years 09 months,538000.0,813B YISHUN RING RD,762813,1.41738913308934,103.832368535033,2025-09-04
214419,2025-09,YISHUN,3 ROOM,205,YISHUN ST 21,01 TO 03,67.0,New Generation,1985,58 years 05 months,439000.0,205 YISHUN ST 21,760205,1.43106560031808,103.836307087652,2025-09-04
214420,2025-09,YISHUN,3 ROOM,218,YISHUN ST 21,10 TO 12,68.0,New Generation,1985,58 years 10 months,450000.0,218 YISHUN ST 21,760218,1.43296691864933,103.836238061311,2025-09-04
214766,2025-09,YISHUN,4 ROOM,932,YISHUN CTRL 1,07 TO 09,104.0,Model A,1993,66 years 06 months,670000.0,932 YISHUN CTRL 1,760932,1.42636217632588,103.837150418219,2025-09-04
197226,2025-09,ANG MO KIO,3 ROOM,133,ANG MO KIO AVE 3,01 TO 03,73.0,New Generation,1979,52 years 05 months,395000.0,133 ANG MO KIO AVE 3,560133,1.37113968605234,103.842644163241,2025-09-05
197384,2025-09,ANG MO KIO,3 ROOM,590A,ANG MO KIO ST 51,13 TO 15,68.0,Model A,2019,92 years 06 months,722888.0,590A ANG MO KIO ST 51,561590,1.37122178516983,103.853853154442,2025-09-05
197679,2025-09,ANG MO KIO,5 ROOM,596D,ANG MO KIO ST 52,19 TO 21,110.0,Improved,2003,76 years 05 months,1068888.0,596D ANG MO KIO ST 52,564596,1.37187135282659,103.851030423419,2025-09-05
199234,2025-09,BUKIT BATOK,4 ROOM,211,BT BATOK ST 21,07 TO 09,108.0,Model A,1985,58 years 08 months,611888.0,211 BT BATOK ST 21,650211,1.34600090748097,103.750367726623,2025-09-05
199607,2025-09,BUKIT BATOK,5 ROOM,296C,BT BATOK ST 22,16 TO 18,113.0,Premium Apartment,2018,91 years 07 months,965000.0,296C BT BATOK ST 22,653296,1.34369796674692,103.748158134407,2025-09-05
200045,2025-09,BUKIT MERAH,3 ROOM,64,TELOK BLANGAH DR,07 TO 09,67.0,New Generation,1978,51 years 11 months,473000.0,64 TELOK BLANGAH DR,100064,1.27450639323765,103.810535503194,2025-09-05
200046,2025-09,BUKIT MERAH,3 ROOM,75,TELOK BLANGAH DR,01 TO 03,67.0,New Generation,1978,51 years 05 months,417000.0,75 TELOK BLANGAH DR,100075,1.27489670852233,103.808695347879,2025-09-05
200322,2025-09,BUKIT MERAH,4 ROOM,50,TELOK BLANGAH DR,10 TO 12,98.0,New Generation,1978,51 years 11 months,635000.0,50 TELOK BLANGAH DR,100050,1.27309040956353,103.810143564301,2025-09-05
200398,2025-09,BUKIT MERAH,5 ROOM,9A,BOON TIONG RD,31 TO 33,112.0,Improved,2016,89 years 05 months,1580000.0,9A BOON TIONG RD,162009,1.2868271524179,103.828659487514,2025-09-05
200739,2025-09,BUKIT PANJANG,4 ROOM,416,SAUJANA RD,10 TO 12,84.0,Simplified,1988,62 years 03 months,515000.0,416 SAUJANA RD,670416,1.38319686732574,103.76845411079,2025-09-05
200891,2025-09,BUKIT PANJANG,5 ROOM,615,BT PANJANG RING RD,10 TO 12,111.0,Improved,2002,75 years 09 months,680000.0,615 BT PANJANG RING RD,670615,1.38514726798653,103.762438315763,2025-09-05
201379,2025-09,CHOA CHU KANG,4 ROOM,280,CHOA CHU KANG AVE 3,07 TO 09,104.0,Model A,1992,65 years 11 months,550000.0,280 CHOA CHU KANG AVE 3,680280,1.3808318992022,103.74293968344,2025-09-05
201649,2025-09,CHOA CHU KANG,4 ROOM,802B,KEAT HONG CL,04 TO 06,92.0,Model A,2018,91 years 06 months,585000.0,802B KEAT HONG CL,682802,1.37474137483876,103.742851486532,2025-09-05
201704,2025-09,CHOA CHU KANG,5 ROOM,277,CHOA CHU KANG AVE 2,13 TO 15,123.0,Improved,1993,66 years 10 months,697000.0,277 CHOA CHU KANG AVE 2,680277,1.37987227900139,103.744605644093,2025-09-05
201847,2025-09,CHOA CHU KANG,5 ROOM,687D,CHOA CHU KANG DR,04 TO 06,110.0,Improved,2003,76 years 08 months,565000.0,687D CHOA CHU KANG DR,684687,1.40368580815325,103.751581291592,2025-09-05
201882,2025-09,CHOA CHU KANG,5 ROOM,546,CHOA CHU KANG ST 52,10 TO 12,132.0,Model A,1995,68 years 05 months,680000.0,546 CHOA CHU KANG ST 52,680546,1.39301282897146,103.743262359418,2025-09-05
201959,2025-09,CHOA CHU KANG,EXECUTIVE,274,CHOA CHU KANG AVE 2,01 TO 03,145.0,Apartment,1993,66 years 11 months,800000.0,274 CHOA CHU KANG AVE 2,680274,1.37936988042156,103.74286869532,2025-09-05
202362,2025-09,CLEMENTI,4 ROOM,512,WEST COAST DR,04 TO 06,92.0,New Generation,1978,51 years 05 months,501688.0,512 WEST COAST DR,120512,1.30995900089387,103.760210268491,2025-09-05
202835,2025-09,GEYLANG,5 ROOM,45,JLN TIGA,04 TO 06,110.0,Improved,2005,78 years 09 months,990000.0,45 JLN TIGA,390045,1.30863777720455,103.884644800061,2025-09-05
202917,2025-09,HOUGANG,2 ROOM,991A,BUANGKOK LINK,07 TO 09,47.0,Model A,2019,92 years 10 months,380000.0,991A BUANGKOK LINK,531991,1.38430780704299,103.882225801104,2025-09-05
202984,2025-09,HOUGANG,3 ROOM,114,HOUGANG AVE 1,01 TO 03,68.0,New Generation,1982,55 years 06 months,427500.0,114 HOUGANG AVE 1,530114,1.35290845840879,103.888972338303,2025-09-05
203130,2025-09,HOUGANG,3 ROOM,154,HOUGANG ST 11,04 TO 06,67.0,New Generation,1984,58 years 04 months,460000.0,154 HOUGANG ST 11,530154,1.3522029527063,103.880173191904,2025-09-05
203288,2025-09,HOUGANG,4 ROOM,984A,BUANGKOK LINK,07 TO 09,85.0,Model A2,2004,77 years 07 months,560000.0,984A BUANGKOK LINK,531984,1.38198270653355,103.881217675808,2025-09-05
203352,2025-09,HOUGANG,4 ROOM,15,HOUGANG AVE 3,13 TO 15,82.0,Improved,1975,49 years 03 months,475800.0,15 HOUGANG AVE 3,530015,1.3626577042511,103.891921506467,2025-09-05
203458,2025-09,HOUGANG,4 ROOM,678,HOUGANG AVE 8,01 TO 03,84.0,Simplified,1988,62 years 03 months,542000.0,678 HOUGANG AVE 8,530678,1.37084076394573,103.884236382077,2025-09-05
203775,2025-09,HOUGANG,EXECUTIVE,455,HOUGANG AVE 10,10 TO 12,146.0,Maisonette,1992,66 years 01 month,1070000.0,455 HOUGANG AVE 10,530455,1.37748270574942,103.895433417962,2025-09-05
203938,2025-09,JURONG EAST,3 ROOM,304,JURONG EAST ST 32,07 TO 09,67.0,New Generation,1983,57 years 01 month,405000.0,304 JURONG EAST ST 32,600304,1.3451446878869,103.734750459542,2025-09-05
204154,2025-09,JURONG EAST,5 ROOM,279,TOH GUAN RD,13 TO 15,120.0,Improved,1998,72 years 04 months,818000.0,279 TOH GUAN RD,600279,1.34072885868923,103.746781223695,2025-09-05
204610,2025-09,JURONG WEST,4 ROOM,463,JURONG WEST ST 41,07 TO 09,94.0,New Generation,1985,58 years 10 months,495000.0,463 JURONG WEST ST 41,640463,1.35057698710493,103.723241115887,2025-09-05
204923,2025-09,JURONG WEST,4 ROOM,166A,YUNG KUANG RD,10 TO 12,93.0,Model A,2018,92 years 02 months,632888.0,166A YUNG KUANG RD,611166,1.33128810212915,103.721959330636,2025-09-05
205150,2025-09,JURONG WEST,5 ROOM,635,JURONG WEST ST 65,07 TO 09,110.0,Improved,2001,75 years 03 months,618000.0,635 JURONG WEST ST 65,640635,1.34279328774637,103.698397020217,2025-09-05
205727,2025-09,KALLANG/WHAMPOA,4 ROOM,117B,JLN TENTERAM,16 TO 18,93.0,Model A,2017,91 years 03 months,829000.0,117B JLN TENTERAM,322117,1.32816494843873,103.860801944702,2025-09-05
205740,2025-09,KALLANG/WHAMPOA,4 ROOM,112,LOR 3 GEYLANG,04 TO 06,104.0,Model A,1989,62 years 10 months,750000.0,112 LOR 3 GEYLANG,381112,1.31210823499254,103.873783661336,2025-09-05
205912,2025-09,KALLANG/WHAMPOA,5 ROOM,53,GEYLANG BAHRU,10 TO 12,117.0,Standard,1974,47 years 11 months,750000.0,53 GEYLANG BAHRU,330053,1.32432231336421,103.868159565036,2025-09-05
206003,2025-09,MARINE PARADE,3 ROOM,65,MARINE DR,04 TO 06,65.0,Improved,1976,49 years 07 months,490000.0,65 MARINE DR,440065,1.30340547617434,103.909734447292,2025-09-05
206139,2025-09,PASIR RIS,4 ROOM,701,PASIR RIS DR 10,10 TO 12,112.0,Model A,1996,69 years 05 months,653888.0,701 PASIR RIS DR 10,510701,1.37996591907492,103.937932209463,2025-09-05
206159,2025-09,PASIR RIS,4 ROOM,487,PASIR RIS DR 4,01 TO 03,104.0,Model A,1992,66 years 04 months,590000.0,487 PASIR RIS DR 4,510487,1.37494128665342,103.96059003892,2025-09-05
206776,2025-09,PUNGGOL,4 ROOM,120A,EDGEDALE PLAINS,04 TO 06,93.0,Model A,2017,90 years 09 months,610000.0,120A EDGEDALE PLAINS,821120,1.39451217943806,103.907964274268,2025-09-05
206777,2025-09,PUNGGOL,4 ROOM,122A,EDGEDALE PLAINS,04 TO 06,93.0,Model A,2017,90 years 09 months,610000.0,122A EDGEDALE PLAINS,821122,1.39350981217359,103.909106562659,2025-09-05
207046,2025-09,PUNGGOL,4 ROOM,101A,PUNGGOL FIELD,04 TO 06,90.0,Model A,2002,76 years 01 month,570000.0,101A PUNGGOL FIELD,821101,1.3979461677694,103.905945136259,2025-09-05
207115,2025-09,PUNGGOL,4 ROOM,207D,PUNGGOL PL,16 TO 18,92.0,Model A,2014,87 years 10 months,716888.0,207D PUNGGOL PL,824207,1.40094652941198,103.900708420292,2025-09-05
207189,2025-09,PUNGGOL,4 ROOM,211A,PUNGGOL WALK,04 TO 06,92.0,Model A,2014,87 years 08 months,685000.0,211A PUNGGOL WALK,821211,1.40175984290477,103.899944356053,2025-09-05
207190,2025-09,PUNGGOL,4 ROOM,271A,PUNGGOL WALK,13 TO 15,93.0,Premium Apartment,2014,87 years 08 months,795000.0,271A PUNGGOL WALK,821271,1.40374539652235,103.900318867807,2025-09-05
207292,2025-09,PUNGGOL,4 ROOM,256A,SUMANG WALK,04 TO 06,93.0,Model A,2016,90 years 04 months,670000.0,256A SUMANG WALK,821256,1.4060916048068,103.895706618576,2025-09-05
207355,2025-09,PUNGGOL,5 ROOM,109D,EDGEDALE PLAINS,10 TO 12,110.0,Improved,2003,76 years 09 months,665000.0,109D EDGEDALE PLAINS,824109,1.39552991291305,103.908859627789,2025-09-05
207790,2025-09,QUEENSTOWN,3 ROOM,6,HOLLAND CL,13 TO 15,65.0,Improved,1974,47 years 10 months,400000.0,6 HOLLAND CL,271006,1.30711568626095,103.795264617136,2025-09-05
207861,2025-09,QUEENSTOWN,3 ROOM,90,TANGLIN HALT RD,07 TO 09,60.0,Model A,2008,82 years,715000.0,90 TANGLIN HALT RD,141090,1.30051700920519,103.79897627676,2025-09-05
208101,2025-09,SEMBAWANG,2 ROOM,132A,CANBERRA CRES,01 TO 03,38.0,2-room,2020,94 years 01 month,362000.0,132A CANBERRA CRES,751132,1.44345437411826,103.831294578169,2025-09-05
208294,2025-09,SEMBAWANG,4 ROOM,360A,ADMIRALTY DR,07 TO 09,94.0,Premium Apartment,2001,75 years 01 month,560000.0,360A ADMIRALTY DR,751360,1.449203308783,103.815848473794,2025-09-05
208319,2025-09,SEMBAWANG,4 ROOM,405,ADMIRALTY LINK,10 TO 12,86.0,Model A2,2001,74 years 05 months,515000.0,405 ADMIRALTY LINK,750405,1.45329835117102,103.816138602463,2025-09-05
208569,2025-09,SEMBAWANG,4 ROOM,107B,CANBERRA ST,13 TO 15,93.0,Model A,2018,91 years 11 months,662000.0,107B CANBERRA ST,752107,1.44916516333167,103.833497265983,2025-09-05
208687,2025-09,SEMBAWANG,4 ROOM,410,SEMBAWANG DR,10 TO 12,90.0,Model A,2001,74 years 08 months,535000.0,410 SEMBAWANG DR,750410,1.45264774845535,103.817721274232,2025-09-05
208965,2025-09,SEMBAWANG,EXECUTIVE,468B,ADMIRALTY DR,10 TO 12,137.0,Premium Apartment,2001,74 years 09 months,700888.0,468B ADMIRALTY DR,752468,1.45000861656514,103.814110899773,2025-09-05
209432,2025-09,SENGKANG,4 ROOM,201C,COMPASSVALE DR,13 TO 15,90.0,Model A,2001,74 years 11 months,623888.0,201C COMPASSVALE DR,543201,1.38772513390518,103.89350769032,2025-09-05
209512,2025-09,SENGKANG,4 ROOM,268C,COMPASSVALE LINK,07 TO 09,91.0,Premium Apartment,2006,79 years 06 months,663888.0,268C COMPASSVALE LINK,543268,1.38476706087905,103.895957786939,2025-09-05
209672,2025-09,SENGKANG,4 ROOM,408A,FERNVALE RD,19 TO 21,95.0,Premium Apartment,2004,78 years 04 months,645000.0,408A FERNVALE RD,791408,1.38876434017521,103.876211939865,2025-09-05
209673,2025-09,SENGKANG,4 ROOM,441D,FERNVALE RD,16 TO 18,93.0,Model A,2012,85 years 06 months,679888.0,441D FERNVALE RD,794441,1.39209223539633,103.875248015845,2025-09-05
209781,2025-09,SENGKANG,4 ROOM,131,RIVERVALE ST,01 TO 03,89.0,Model A2,1999,72 years 09 months,535000.0,131 RIVERVALE ST,540131,1.38934424778155,103.903081571286,2025-09-05
210065,2025-09,SENGKANG,5 ROOM,294A,COMPASSVALE CRES,13 TO 15,113.0,Improved,2016,90 years 03 months,883888.0,294A COMPASSVALE CRES,541294,1.39606977416428,103.895933432889,2025-09-05
210295,2025-09,SENGKANG,5 ROOM,194,RIVERVALE DR,16 TO 18,111.0,Improved,2001,74 years 09 months,680000.0,194 RIVERVALE DR,540194,1.39260955810937,103.901592560709,2025-09-05
210469,2025-09,SERANGOON,3 ROOM,305,SERANGOON AVE 2,04 TO 06,60.0,Improved,1985,58 years 08 months,469888.0,305 SERANGOON AVE 2,550305,1.35384811106518,103.866961802929,2025-09-05
210537,2025-09,SERANGOON,4 ROOM,240,SERANGOON AVE 2,10 TO 12,105.0,Model A,1985,58 years 11 months,850000.0,240 SERANGOON AVE 2,550240,1.35323767469816,103.869412535838,2025-09-05
210563,2025-09,SERANGOON,4 ROOM,242,SERANGOON AVE 3,04 TO 06,84.0,Simplified,1986,59 years 09 months,630000.0,242 SERANGOON AVE 3,550242,1.35269591874852,103.869711017596,2025-09-05
210962,2025-09,TAMPINES,3 ROOM,462,TAMPINES ST 44,04 TO 06,64.0,Simplified,1987,60 years 11 months,455000.0,462 TAMPINES ST 44,520462,1.35901318117916,103.955111125309,2025-09-05
211101,2025-09,TAMPINES,4 ROOM,890A,TAMPINES AVE 1,10 TO 12,93.0,Model A,2015,89 years 01 month,838888.0,890A TAMPINES AVE 1,521890,1.34672448664678,103.933876119392,2025-09-05
211345,2025-09,TAMPINES,4 ROOM,612A,TAMPINES NTH DR 1,07 TO 09,93.0,Model A,2020,94 years 02 months,778000.0,612A TAMPINES NTH DR 1,521612,1.36528634266006,103.935196033623,2025-09-05
211346,2025-09,TAMPINES,4 ROOM,614A,TAMPINES NTH DR 1,13 TO 15,93.0,Model A,2021,94 years 05 months,795000.0,614A TAMPINES NTH DR 1,521614,1.36489478768898,103.936692419369,2025-09-05
211408,2025-09,TAMPINES,4 ROOM,269,TAMPINES ST 21,01 TO 03,104.0,Model A,1984,57 years 07 months,650000.0,269 TAMPINES ST 21,520269,1.35074543601676,103.948024392634,2025-09-05
211488,2025-09,TAMPINES,4 ROOM,414,TAMPINES ST 41,10 TO 12,104.0,Model A,1987,60 years 10 months,665000.0,414 TAMPINES ST 41,520414,1.35981195619451,103.946549508112,2025-09-05
211531,2025-09,TAMPINES,4 ROOM,490A,TAMPINES ST 45,10 TO 12,107.0,Model A,1993,67 years 01 month,660000.0,490A TAMPINES ST 45,520490,1.36202172926791,103.956772635992,2025-09-05
211592,2025-09,TAMPINES,4 ROOM,703,TAMPINES ST 71,07 TO 09,100.0,Model A,1997,71 years,645000.0,703 TAMPINES ST 71,520703,1.35687847904174,103.937739198068,2025-09-05
211875,2025-09,TAMPINES,5 ROOM,608B,TAMPINES NTH DR 1,07 TO 09,113.0,Improved,2020,94 years 02 months,876888.0,608B TAMPINES NTH DR 1,522608,1.36312572875358,103.935956103971,2025-09-05
211876,2025-09,TAMPINES,5 ROOM,609A,TAMPINES NTH DR 1,04 TO 06,113.0,Improved,2020,94 years 02 months,860000.0,609A TAMPINES NTH DR 1,521609,1.36361412499017,103.935357759734,2025-09-05
211973,2025-09,TAMPINES,5 ROOM,496B,TAMPINES ST 43,10 TO 12,126.0,Improved,1993,66 years 11 months,790000.0,496B TAMPINES ST 43,525496,1.36123685622591,103.950996094324,2025-09-05
212002,2025-09,TAMPINES,5 ROOM,605D,TAMPINES ST 61,01 TO 03,112.0,Improved,2020,93 years 06 months,922000.0,605D TAMPINES ST 61,524605,1.36179025953788,103.935871959816,2025-09-05
212020,2025-09,TAMPINES,5 ROOM,720,TAMPINES ST 72,04 TO 06,120.0,Improved,1997,70 years 08 months,780000.0,720 TAMPINES ST 72,520720,1.35938894436607,103.936070829294,2025-09-05
212037,2025-09,TAMPINES,5 ROOM,843,TAMPINES ST 83,07 TO 09,122.0,Improved,1988,61 years 05 months,700000.0,843 TAMPINES ST 83,520843,1.35187921550809,103.934690875121,2025-09-05
212124,2025-09,TAMPINES,EXECUTIVE,429,TAMPINES ST 41,07 TO 09,148.0,Maisonette,1985,59 years 03 months,880000.0,429 TAMPINES ST 41,520429,1.3590857124975,103.949767162999,2025-09-05
212308,2025-09,TOA PAYOH,3 ROOM,116,LOR 2 TOA PAYOH,13 TO 15,72.0,Improved,1970,43 years 05 months,430000.0,116 LOR 2 TOA PAYOH,310116,1.34047287241805,103.846142516335,2025-09-05
212462,2025-09,TOA PAYOH,3 ROOM,26,TOA PAYOH EAST,07 TO 09,67.0,Improved,1971,44 years 05 months,380000.0,26 TOA PAYOH EAST,310026,1.33291837032644,103.856763112528,2025-09-05
212651,2025-09,TOA PAYOH,4 ROOM,147,LOR 2 TOA PAYOH,28 TO 30,91.0,Model A,2006,79 years 05 months,1088000.0,147 LOR 2 TOA PAYOH,310147,1.33454683171677,103.845077697814,2025-09-05
213001,2025-09,WOODLANDS,3 ROOM,15,MARSILING LANE,04 TO 06,65.0,Improved,1976,49 years 05 months,345000.0,15 MARSILING LANE,730015,1.44192560223859,103.778158395764,2025-09-05
213147,2025-09,WOODLANDS,4 ROOM,337,WOODLANDS AVE 1,07 TO 09,104.0,Model A,1985,59 years 03 months,545000.0,337 WOODLANDS AVE 1,730337,1.43071738741979,103.781743924595,2025-09-05
213279,2025-09,WOODLANDS,4 ROOM,780D,WOODLANDS CRES,04 TO 06,92.0,Model A,2015,88 years 11 months,575000.0,780D WOODLANDS CRES,734780,1.44811995933796,103.801945845172,2025-09-05
213358,2025-09,WOODLANDS,4 ROOM,706,WOODLANDS DR 40,01 TO 03,100.0,Model A,1996,70 years 02 months,535000.0,706 WOODLANDS DR 40,730706,1.43977845720471,103.796686826798,2025-09-05
213502,2025-09,WOODLANDS,4 ROOM,684D,WOODLANDS DR 73,04 TO 06,103.0,Premium Apartment,2000,73 years 06 months,595000.0,684D WOODLANDS DR 73,734684,1.44135791662657,103.80450821919,2025-09-05
213624,2025-09,WOODLANDS,4 ROOM,317,WOODLANDS ST 31,10 TO 12,103.0,Model A,1993,66 years 08 months,575888.0,317 WOODLANDS ST 31,730317,1.43189593455214,103.776268265174,2025-09-05
213635,2025-09,WOODLANDS,4 ROOM,335,WOODLANDS ST 32,01 TO 03,90.0,Simplified,1985,59 years 03 months,495000.0,335 WOODLANDS ST 32,730335,1.42972520117129,103.780579357988,2025-09-05
213689,2025-09,WOODLANDS,4 ROOM,875,WOODLANDS ST 82,04 TO 06,115.0,Model A,1996,69 years 07 months,585000.0,875 WOODLANDS ST 82,730875,1.44253261259412,103.789611665242,2025-09-05
214063,2025-09,WOODLANDS,5 ROOM,826,WOODLANDS ST 81,10 TO 12,131.0,Improved,1996,69 years 11 months,760000.0,826 WOODLANDS ST 81,730826,1.43922359833813,103.789509510964,2025-09-05
214259,2025-09,YISHUN,3 ROOM,424C,YISHUN AVE 11,10 TO 12,67.0,Model A,2015,89 years 04 months,495000.0,424C YISHUN AVE 11,763424,1.42325871209596,103.849154996435,2025-09-05
214439,2025-09,YISHUN,3 ROOM,119,YISHUN RING RD,01 TO 03,64.0,Simplified,1985,59 years 01 month,410000.0,119 YISHUN RING RD,760119,1.43539299497423,103.829177147654,2025-09-05
214689,2025-09,YISHUN,4 ROOM,429A,YISHUN AVE 11,10 TO 12,92.0,Model A,2015,89 years 04 months,600000.0,429A YISHUN AVE 11,761429,1.42209731725453,103.849560369299,2025-09-05
214964,2025-09,YISHUN,4 ROOM,118,YISHUN RING RD,07 TO 09,109.0,Model A,1983,56 years 10 months,510000.0,118 YISHUN RING RD,760118,1.43598707842969,103.828641482509,2025-09-05
214965,2025-09,YISHUN,4 ROOM,342C,YISHUN RING RD,01 TO 03,96.0,Premium Apartment,2016,89 years 05 months,638000.0,342C YISHUN RING RD,763342,1.42991891753486,103.844367469818,2025-09-05
214999,2025-09,YISHUN,4 ROOM,210,YISHUN ST 21,07 TO 09,96.0,New Generation,1985,59 years 01 month,575000.0,210 YISHUN ST 21,760210,1.43131678141962,103.838865952817,2025-09-05
215128,2025-09,YISHUN,4 ROOM,513B,YISHUN ST 51,01 TO 03,93.0,Model A,2018,91 years 06 months,610000.0,513B YISHUN ST 51,762513,1.41572235710803,103.843648447267,2025-09-05
215195,2025-09,YISHUN,4 ROOM,765,YISHUN ST 72,01 TO 03,90.0,Simplified,1985,59 years 02 months,490000.0,765 YISHUN ST 72,760765,1.42502353725985,103.83397349479,2025-09-05
215427,2025-09,YISHUN,EXECUTIVE,405,YISHUN AVE 6,04 TO 06,142.0,Apartment,1988,62 years,890000.0,405 YISHUN AVE 6,760405,1.42684012912743,103.849273522587,2025-09-05
197145,2025-09,ANG MO KIO,3 ROOM,473,ANG MO KIO AVE 10,10 TO 12,67.0,New Generation,1984,57 years 11 months,426000.0,473 ANG MO KIO AVE 10,560473,1.36305380914637,103.856846002568,2025-09-08
197228,2025-09,ANG MO KIO,3 ROOM,201,ANG MO KIO AVE 3,07 TO 09,67.0,New Generation,1977,50 years 08 months,410000.0,201 ANG MO KIO AVE 3,560201,1.36884962699229,103.844564835127,2025-09-08
197229,2025-09,ANG MO KIO,3 ROOM,586,ANG MO KIO AVE 3,04 TO 06,67.0,New Generation,1979,52 years 10 months,450000.0,586 ANG MO KIO AVE 3,560586,1.37030352965928,103.853455898206,2025-09-08
197504,2025-09,ANG MO KIO,4 ROOM,117,ANG MO KIO AVE 4,04 TO 06,99.0,New Generation,1978,51 years 09 months,570000.0,117 ANG MO KIO AVE 4,560117,1.3737170825368,103.835610469339,2025-09-08
197565,2025-09,ANG MO KIO,4 ROOM,455C,ANG MO KIO ST 44,16 TO 18,93.0,Model A,2018,91 years 07 months,969000.0,455C ANG MO KIO ST 44,563455,1.36856484754808,103.857943144204,2025-09-08
197926,2025-09,BEDOK,3 ROOM,533,BEDOK NTH ST 3,04 TO 06,68.0,New Generation,1980,53 years 05 months,420000.0,533 BEDOK NTH ST 3,460533,1.33358016248275,103.92421866691,2025-09-08
198672,2025-09,BISHAN,4 ROOM,106,BISHAN ST 12,04 TO 06,105.0,Model A,1985,59 years 03 months,818000.0,106 BISHAN ST 12,570106,1.34610070068315,103.847847191353,2025-09-08
198822,2025-09,BISHAN,5 ROOM,290,BISHAN ST 24,28 TO 30,123.0,Premium Apartment,1998,71 years 10 months,1035000.0,290 BISHAN ST 24,570290,1.35613778516576,103.844897654796,2025-09-08
199027,2025-09,BUKIT BATOK,3 ROOM,312,BT BATOK ST 32,10 TO 12,68.0,New Generation,1985,58 years 11 months,423000.0,312 BT BATOK ST 32,650312,1.35987875096146,103.74733565667,2025-09-08
199246,2025-09,BUKIT BATOK,4 ROOM,293D,BT BATOK ST 21,31 TO 33,93.0,Model A,2019,92 years 05 months,800000.0,293D BT BATOK ST 21,654293,1.34502077023724,103.755285866092,2025-09-08
199538,2025-09,BUKIT BATOK,4 ROOM,165,BT BATOK WEST AVE 8,07 TO 09,104.0,Model A,1984,58 years 02 months,555000.0,165 BT BATOK WEST AVE 8,650165,1.34731985631578,103.741974986591,2025-09-08
199809,2025-09,BUKIT BATOK,EXECUTIVE,330,BT BATOK ST 33,10 TO 12,152.0,Maisonette,1986,60 years 01 month,888888.0,330 BT BATOK ST 33,650330,1.36339848689145,103.748445426437,2025-09-08
200108,2025-09,BUKIT MERAH,3 ROOM,80B,TELOK BLANGAH ST 31,16 TO 18,67.0,Premium Apartment,2013,87 years,799000.0,80B TELOK BLANGAH ST 31,102080,1.27347684062073,103.806810311765,2025-09-08
200134,2025-09,BUKIT MERAH,4 ROOM,10B,BOON TIONG RD,13 TO 15,87.0,Model A,2016,89 years 05 months,1180000.0,10B BOON TIONG RD,164010,1.28633684743341,103.829204757258,2025-09-08
200274,2025-09,BUKIT MERAH,4 ROOM,118C,JLN MEMBINA,16 TO 18,85.0,Model A,2003,76 years 05 months,910000.0,118C JLN MEMBINA,163118,1.2821693708226,103.826333715085,2025-09-08
201119,2025-09,BUKIT TIMAH,4 ROOM,6,FARRER RD,01 TO 03,91.0,Improved,1974,47 years 08 months,620000.0,6 FARRER RD,260006,1.31731971195622,103.808057179008,2025-09-08
201153,2025-09,CENTRAL AREA,2 ROOM,9,JLN KUKOH,07 TO 09,54.0,Improved,1982,55 years 05 months,320000.0,9 JLN KUKOH,160009,1.2876742577682,103.838857901085,2025-09-08
201496,2025-09,CHOA CHU KANG,4 ROOM,811A,CHOA CHU KANG AVE 7,13 TO 15,93.0,Model A,2017,91 years 03 months,625000.0,811A CHOA CHU KANG AVE 7,681811,1.3737308481902,103.745929784531,2025-09-08
201675,2025-09,CHOA CHU KANG,4 ROOM,805A,KEAT HONG CL,04 TO 06,93.0,Model A,2017,90 years 09 months,570000.0,805A KEAT HONG CL,681805,1.37289627545554,103.742568745239,2025-09-08
201718,2025-09,CHOA CHU KANG,5 ROOM,131,CHOA CHU KANG AVE 1,13 TO 15,134.0,Model A,1993,66 years 09 months,720000.0,131 CHOA CHU KANG AVE 1,680131,1.38149344880731,103.750955861582,2025-09-08
202188,2025-09,CLEMENTI,3 ROOM,611,CLEMENTI WEST ST 1,01 TO 03,77.0,Model A,1983,57 years 02 months,419000.0,611 CLEMENTI WEST ST 1,120611,1.3036973994055,103.769476900942,2025-09-08
202270,2025-09,CLEMENTI,4 ROOM,418,CLEMENTI AVE 1,19 TO 21,99.0,Model A,2013,87 years 01 month,965000.0,418 CLEMENTI AVE 1,120418,1.31017571904177,103.77000324485,2025-09-08
202311,2025-09,CLEMENTI,4 ROOM,445B,CLEMENTI AVE 3,22 TO 24,93.0,Model A,2021,94 years 10 months,1250000.0,445B CLEMENTI AVE 3,122445,1.31266626044778,103.764623618127,2025-09-08
202405,2025-09,CLEMENTI,5 ROOM,425,CLEMENTI AVE 1,04 TO 06,113.0,Improved,2013,87 years 01 month,1050000.0,425 CLEMENTI AVE 1,120425,1.30962652347548,103.771123130536,2025-09-08
202745,2025-09,GEYLANG,4 ROOM,17B,CIRCUIT RD,13 TO 15,93.0,Model A,2016,90 years 03 months,988888.0,17B CIRCUIT RD,372017,1.32994002346249,103.889189084492,2025-09-08
202845,2025-09,GEYLANG,4 ROOM,311,UBI AVE 1,01 TO 03,84.0,Simplified,1985,59 years 03 months,585000.0,311 UBI AVE 1,400311,1.32994110077368,103.903301445157,2025-09-08
202846,2025-09,GEYLANG,4 ROOM,341,UBI AVE 1,01 TO 03,104.0,Model A,1985,59 years 01 month,600000.0,341 UBI AVE 1,400341,1.32671260607254,103.901560745645,2025-09-08
202856,2025-09,GEYLANG,5 ROOM,23,EUNOS CRES,07 TO 09,117.0,Standard,1977,50 years 09 months,695000.0,23 EUNOS CRES,400023,1.32430637458121,103.902160591904,2025-09-08
202915,2025-09,HOUGANG,2 ROOM,995B,BUANGKOK CRES,04 TO 06,47.0,Model A,2019,93 years 01 month,365000.0,995B BUANGKOK CRES,532995,1.386368520421,103.882829663803,2025-09-08
203593,2025-09,HOUGANG,4 ROOM,135,LOR AH SOO,13 TO 15,106.0,Model A,1985,58 years 08 months,663000.0,135 LOR AH SOO,530135,1.34975825362257,103.886810075583,2025-09-08
203976,2025-09,JURONG EAST,3 ROOM,372,JURONG EAST ST 32,10 TO 12,64.0,Model A,2014,87 years 06 months,485000.0,372 JURONG EAST ST 32,600372,1.34865823382569,103.731789499274,2025-09-08
204043,2025-09,JURONG EAST,4 ROOM,208,JURONG EAST ST 21,01 TO 03,95.0,New Generation,1982,56 years 04 months,510000.0,208 JURONG EAST ST 21,600208,1.33843639958331,103.742666850845,2025-09-08
204211,2025-09,JURONG EAST,EXECUTIVE,325,JURONG EAST ST 31,04 TO 06,149.0,Maisonette,1985,58 years 09 months,808000.0,325 JURONG EAST ST 31,600325,1.34880342091286,103.728984380177,2025-09-08
204396,2025-09,JURONG WEST,3 ROOM,490,JURONG WEST AVE 1,07 TO 09,73.0,Model A,1984,57 years 11 months,445000.0,490 JURONG WEST AVE 1,640490,1.3495885100502,103.727240414439,2025-09-08
204590,2025-09,JURONG WEST,4 ROOM,431,JURONG WEST AVE 1,07 TO 09,103.0,Model A,1985,58 years 05 months,530000.0,431 JURONG WEST AVE 1,640431,1.35230306526458,103.72463219774,2025-09-08
204594,2025-09,JURONG WEST,4 ROOM,273B,JURONG WEST AVE 3,01 TO 03,90.0,Model A,2001,75 years 04 months,490000.0,273B JURONG WEST AVE 3,642273,1.3515563365069,103.703627488189,2025-09-08
205291,2025-09,JURONG WEST,5 ROOM,325,TAH CHING RD,19 TO 21,124.0,Improved,1997,71 years,720000.0,325 TAH CHING RD,610325,1.33598238025896,103.723127904618,2025-09-08
205587,2025-09,KALLANG/WHAMPOA,3 ROOM,77,LOR LIMAU,07 TO 09,59.0,Improved,1973,46 years 11 months,388000.0,77 LOR LIMAU,320077,1.32504567583472,103.854762707954,2025-09-08
205697,2025-09,KALLANG/WHAMPOA,4 ROOM,10C,BENDEMEER RD,13 TO 15,93.0,Model A,2017,91 years 04 months,1030000.0,10C BENDEMEER RD,333010,1.31584236197018,103.860644539729,2025-09-08
206012,2025-09,KALLANG/WHAMPOA,EXECUTIVE,110,MCNAIR RD,07 TO 09,144.0,Apartment,1987,61 years 04 months,1180000.0,110 MCNAIR RD,320110,1.32207919748314,103.859079081313,2025-09-08
206326,2025-09,PASIR RIS,4 ROOM,749,PASIR RIS ST 71,07 TO 09,104.0,Model A,1996,70 years 03 months,665000.0,749 PASIR RIS ST 71,510749,1.37833993791738,103.934276500207,2025-09-08
206327,2025-09,PASIR RIS,4 ROOM,777,PASIR RIS ST 71,04 TO 06,106.0,Model A,1996,70 years 02 months,630888.0,777 PASIR RIS ST 71,510777,1.37503611411448,103.937312816562,2025-09-08
206402,2025-09,PASIR RIS,5 ROOM,147,PASIR RIS ST 13,04 TO 06,128.0,Improved,1995,68 years 06 months,760000.0,147 PASIR RIS ST 13,510147,1.36310057764065,103.962012302637,2025-09-08
206442,2025-09,PASIR RIS,5 ROOM,513,PASIR RIS ST 52,10 TO 12,129.0,Improved,1993,67 years 04 months,815000.0,513 PASIR RIS ST 52,510513,1.37517789596632,103.943569595629,2025-09-08
206725,2025-09,PUNGGOL,3 ROOM,261A,PUNGGOL WAY,16 TO 18,68.0,Model A,2016,89 years 10 months,605000.0,261A PUNGGOL WAY,821261,1.40596991489125,103.896803290622,2025-09-08
207103,2025-09,PUNGGOL,4 ROOM,128C,PUNGGOL FIELD WALK,01 TO 03,85.0,Model A,2003,76 years 10 months,546000.0,128C PUNGGOL FIELD WALK,823128,1.39254913673627,103.912560905441,2025-09-08
207172,2025-09,PUNGGOL,4 ROOM,306C,PUNGGOL PL,04 TO 06,97.0,Premium Apartment,2012,85 years 11 months,739000.0,306C PUNGGOL PL,823306,1.40640385188347,103.905958190135,2025-09-08
207563,2025-09,PUNGGOL,5 ROOM,196D,PUNGGOL FIELD,07 TO 09,110.0,Improved,2003,76 years 11 months,675888.0,196D PUNGGOL FIELD,824196,1.39966081419517,103.907234511303,2025-09-08
208011,2025-09,QUEENSTOWN,4 ROOM,28,GHIM MOH LINK,34 TO 36,92.0,Model A,2013,86 years 08 months,1030000.0,28 GHIM MOH LINK,270028,1.30887985026284,103.784802916649,2025-09-08
208078,2025-09,QUEENSTOWN,4 ROOM,52,STRATHMORE AVE,04 TO 06,90.0,Model A,2006,80 years 04 months,870000.0,52 STRATHMORE AVE,141052,1.29331314480289,103.808253434532,2025-09-08
208120,2025-09,QUEENSTOWN,5 ROOM,143,MEI LING ST,10 TO 12,127.0,Improved,1995,69 years,1100000.0,143 MEI LING ST,140143,1.29348201306177,103.8049167409,2025-09-08
208287,2025-09,SEMBAWANG,3 ROOM,107A,CANBERRA ST,04 TO 06,67.0,Model A,2018,91 years 11 months,510000.0,107A CANBERRA ST,751107,1.44990474622,103.832979240964,2025-09-08
208300,2025-09,SEMBAWANG,3 ROOM,115C,CANBERRA WALK,07 TO 09,68.0,Model A,2018,91 years 11 months,540000.0,115C CANBERRA WALK,753115,1.44607590012952,103.829826244984,2025-09-08
208450,2025-09,SEMBAWANG,4 ROOM,351A,CANBERRA RD,01 TO 03,93.0,Model A,2001,75 years 02 months,565000.0,351A CANBERRA RD,751351,1.45038763174432,103.820209041546,2025-09-08
208751,2025-09,SEMBAWANG,4 ROOM,475,SEMBAWANG DR,04 TO 06,90.0,Model A,2000,74 years 01 month,520000.0,475 SEMBAWANG DR,750475,1.45089730668543,103.817081593147,2025-09-08
208795,2025-09,SEMBAWANG,5 ROOM,357B,ADMIRALTY DR,01 TO 03,111.0,Premium Apartment,2001,74 years 10 months,620000.0,357B ADMIRALTY DR,752357,1.45024168257745,103.817316100829,2025-09-08
208940,2025-09,SEMBAWANG,5 ROOM,102A,CANBERRA ST,04 TO 06,113.0,Improved,2020,94 years 04 months,726000.0,102A CANBERRA ST,751102,1.45119390519494,103.832227554636,2025-09-08
209125,2025-09,SENGKANG,2 ROOM,455B,SENGKANG WEST AVE,01 TO 03,48.0,2-room,2020,94 years 01 month,379000.0,455B SENGKANG WEST AVE,792455,1.39201619223955,103.870247728472,2025-09-08
209271,2025-09,SENGKANG,3 ROOM,450B,SENGKANG WEST WAY,19 TO 21,67.0,Model A,2014,87 years 11 months,570000.0,450B SENGKANG WEST WAY,792450,1.39404770183665,103.873345691812,2025-09-08
209644,2025-09,SENGKANG,4 ROOM,404B,FERNVALE LANE,13 TO 15,92.0,Premium Apartment,2004,77 years 09 months,581888.0,404B FERNVALE LANE,792404,1.38829654333715,103.873546044227,2025-09-08
209864,2025-09,SENGKANG,4 ROOM,106,RIVERVALE WALK,04 TO 06,101.0,Model A,1999,72 years 06 months,570000.0,106 RIVERVALE WALK,540106,1.38249729178426,103.900321341916,2025-09-08
210223,2025-09,SENGKANG,5 ROOM,233,COMPASSVALE WALK,04 TO 06,123.0,Improved,1999,72 years 11 months,690000.0,233 COMPASSVALE WALK,540233,1.38994081535227,103.900721365137,2025-09-08
210235,2025-09,SENGKANG,5 ROOM,404B,FERNVALE LANE,13 TO 15,114.0,Premium Apartment,2004,77 years 09 months,680000.0,404B FERNVALE LANE,792404,1.38829654333715,103.873546044227,2025-09-08
211016,2025-09,TAMPINES,3 ROOM,419,TAMPINES ST 41,10 TO 12,64.0,Simplified,1985,59 years 04 months,450000.0,419 TAMPINES ST 41,520419,1.35783252178817,103.946726918914,2025-09-08
211565,2025-09,TAMPINES,4 ROOM,401,TAMPINES ST 41,07 TO 09,84.0,Simplified,1985,59 years 01 month,616000.0,401 TAMPINES ST 41,520401,1.3570728680964,103.944912676662,2025-09-08
211638,2025-09,TAMPINES,4 ROOM,606A,TAMPINES ST 61,07 TO 09,92.0,Model A,2020,93 years 06 months,790000.0,606A TAMPINES ST 61,521606,1.36237689129671,103.936586944758,2025-09-08
211677,2025-09,TAMPINES,4 ROOM,742,TAMPINES ST 72,13 TO 15,100.0,Model A,1997,71 years 02 months,630000.0,742 TAMPINES ST 72,520742,1.35958874830961,103.933361011699,2025-09-08
211734,2025-09,TAMPINES,4 ROOM,871B,TAMPINES ST 86,04 TO 06,94.0,Model A,2017,90 years 06 months,738000.0,871B TAMPINES ST 86,522871,1.35651147306916,103.931956767677,2025-09-08
212205,2025-09,TAMPINES,EXECUTIVE,428,TAMPINES ST 41,01 TO 03,143.0,Apartment,1986,59 years 05 months,850000.0,428 TAMPINES ST 41,520428,1.35908616639236,103.948910995142,2025-09-08
212689,2025-09,TOA PAYOH,4 ROOM,239,LOR 1 TOA PAYOH,10 TO 12,103.0,Model A,1986,60 years 01 month,782000.0,239 LOR 1 TOA PAYOH,310239,1.34050894159915,103.851040712112,2025-09-08
212848,2025-09,TOA PAYOH,4 ROOM,261,TOA PAYOH EAST,07 TO 09,93.0,Model A,2019,93 years 04 months,960000.0,261 TOA PAYOH EAST,310261,1.33350386216852,103.855237846252,2025-09-08
212862,2025-09,TOA PAYOH,4 ROOM,200,TOA PAYOH NTH,01 TO 03,87.0,Improved,1973,46 years 11 months,480000.0,200 TOA PAYOH NTH,310200,1.34167292743585,103.851007776843,2025-09-08
213320,2025-09,WOODLANDS,4 ROOM,743,WOODLANDS CIRCLE,10 TO 12,103.0,Model A2,1997,71 years 02 months,577000.0,743 WOODLANDS CIRCLE,730743,1.44373361822384,103.79631194039,2025-09-08
213571,2025-09,WOODLANDS,4 ROOM,796,WOODLANDS DR 72,10 TO 12,100.0,Model A,1997,71 years 02 months,598000.0,796 WOODLANDS DR 72,730796,1.44319506782604,103.803052483143,2025-09-08
213749,2025-09,WOODLANDS,4 ROOM,410,WOODLANDS ST 41,01 TO 03,103.0,Model A,1996,69 years 05 months,540000.0,410 WOODLANDS ST 41,730410,1.42873408236943,103.773488636437,2025-09-08
213798,2025-09,WOODLANDS,5 ROOM,137,MARSILING RD,04 TO 06,121.0,Improved,1985,59 years 01 month,600000.0,137 MARSILING RD,730137,1.43845614747139,103.777081265974,2025-09-08
213812,2025-09,WOODLANDS,5 ROOM,353,WOODLANDS AVE 1,01 TO 03,120.0,Improved,1996,69 years 11 months,710000.0,353 WOODLANDS AVE 1,730353,1.4318164870717,103.785162448842,2025-09-08
213825,2025-09,WOODLANDS,5 ROOM,757,WOODLANDS AVE 4,04 TO 06,122.0,Improved,1997,71 years 04 months,665000.0,757 WOODLANDS AVE 4,730757,1.44621010221646,103.794598549906,2025-09-08
213924,2025-09,WOODLANDS,5 ROOM,501,WOODLANDS DR 14,01 TO 03,122.0,Improved,1998,72 years 04 months,750000.0,501 WOODLANDS DR 14,730501,1.43292524188657,103.792006998018,2025-09-08
214091,2025-09,WOODLANDS,5 ROOM,653,WOODLANDS RING RD,07 TO 09,121.0,Improved,1998,71 years 07 months,700000.0,653 WOODLANDS RING RD,730653,1.43808142337938,103.799032334026,2025-09-08
214099,2025-09,WOODLANDS,5 ROOM,783A,WOODLANDS RISE,10 TO 12,113.0,Improved,2018,91 years 11 months,710000.0,783A WOODLANDS RISE,731783,1.44741684010476,103.803741535161,2025-09-08
214253,2025-09,WOODLANDS,EXECUTIVE,405,WOODLANDS ST 41,04 TO 06,179.0,Apartment,1995,69 years,968000.0,405 WOODLANDS ST 41,730405,1.42999456166439,103.772261359583,2025-09-08
214445,2025-09,YISHUN,3 ROOM,393,YISHUN AVE 6,10 TO 12,73.0,Model A,1988,62 years 01 month,430000.0,393 YISHUN AVE 6,760393,1.42851535023391,103.848503721066,2025-09-08
214536,2025-09,YISHUN,3 ROOM,165,YISHUN RING RD,01 TO 03,64.0,Simplified,1988,61 years 10 months,392000.0,165 YISHUN RING RD,760165,1.43577180513264,103.831783821967,2025-09-08
215063,2025-09,YISHUN,4 ROOM,331,YISHUN RING RD,01 TO 03,103.0,Model A,1988,62 years 03 months,522000.0,331 YISHUN RING RD,760331,1.43061313479548,103.843053582925,2025-09-08
215064,2025-09,YISHUN,4 ROOM,676A,YISHUN RING RD,10 TO 12,93.0,Model A,2018,92 years 02 months,645000.0,676A YISHUN RING RD,761676,1.42145242328288,103.84332790779,2025-09-08
215132,2025-09,YISHUN,4 ROOM,270,YISHUN ST 22,10 TO 12,104.0,Model A,1987,61 years 04 months,527000.0,270 YISHUN ST 22,760270,1.43742134407842,103.839982454823,2025-09-08
215153,2025-09,YISHUN,4 ROOM,336B,YISHUN ST 31,13 TO 15,92.0,Model A,2015,89 years 03 months,610000.0,336B YISHUN ST 31,762336,1.43137338046797,103.844331402418,2025-09-08
215317,2025-09,YISHUN,4 ROOM,850,YISHUN ST 81,04 TO 06,104.0,Model A,1988,61 years 11 months,630000.0,850 YISHUN ST 81,760850,1.41603095097186,103.836239123144,2025-09-08
215377,2025-09,YISHUN,5 ROOM,733,YISHUN AVE 5,01 TO 03,123.0,Improved,1984,58 years 01 month,640000.0,733 YISHUN AVE 5,760733,1.42965421082047,103.830889934491,2025-09-08
215401,2025-09,YISHUN,5 ROOM,306,YISHUN CTRL,07 TO 09,122.0,Improved,1987,61 years 04 months,660000.0,306 YISHUN CTRL,760306,1.43108496903436,103.840247830324,2025-09-08
215549,2025-09,YISHUN,EXECUTIVE,355,YISHUN RING RD,10 TO 12,154.0,Maisonette,1988,62 years 03 months,980000.0,355 YISHUN RING RD,760355,1.42540416849826,103.844843123768,2025-09-08
197037,2025-09,ANG MO KIO,3 ROOM,218,ANG MO KIO AVE 1,10 TO 12,82.0,New Generation,1976,49 years 09 months,468000.0,218 ANG MO KIO AVE 1,560218,1.36511908595886,103.841742478489,2025-09-09
197287,2025-09,ANG MO KIO,3 ROOM,255,ANG MO KIO AVE 4,07 TO 09,73.0,New Generation,1977,50 years 11 months,430000.0,255 ANG MO KIO AVE 4,560255,1.37065487078854,103.834630215787,2025-09-09
197288,2025-09,ANG MO KIO,3 ROOM,631,ANG MO KIO AVE 4,01 TO 03,67.0,New Generation,1985,58 years 04 months,398000.0,631 ANG MO KIO AVE 4,560631,1.3795572819161,103.840735651035,2025-09-09
197374,2025-09,ANG MO KIO,3 ROOM,513,ANG MO KIO AVE 8,01 TO 03,67.0,New Generation,1984,58 years 01 month,422000.0,513 ANG MO KIO AVE 8,560513,1.37273696913231,103.850194854525,2025-09-09
197458,2025-09,ANG MO KIO,4 ROOM,456,ANG MO KIO AVE 10,10 TO 12,100.0,New Generation,1980,53 years 05 months,560000.0,456 ANG MO KIO AVE 10,560456,1.36716071992678,103.858658520644,2025-09-09
197522,2025-09,ANG MO KIO,4 ROOM,522,ANG MO KIO AVE 5,07 TO 09,92.0,New Generation,1980,54 years,540000.0,522 ANG MO KIO AVE 5,560522,1.37311591940692,103.851949371025,2025-09-09
197601,2025-09,ANG MO KIO,4 ROOM,588C,ANG MO KIO ST 52,22 TO 24,90.0,DBSS,2011,84 years 11 months,1050000.0,588C ANG MO KIO ST 52,563588,1.37183157010083,103.853670978083,2025-09-09
197702,2025-09,ANG MO KIO,EXECUTIVE,613,ANG MO KIO AVE 4,07 TO 09,153.0,Apartment,1996,69 years 08 months,1128000.0,613 ANG MO KIO AVE 4,560613,1.37845661566039,103.839292714848,2025-09-09
197820,2025-09,BEDOK,3 ROOM,74,BEDOK NTH RD,04 TO 06,70.0,Improved,1978,51 years 05 months,406000.0,74 BEDOK NTH RD,460074,1.32751177120151,103.942220384041,2025-09-09
197843,2025-09,BEDOK,3 ROOM,218,BEDOK NTH ST 1,01 TO 03,68.0,New Generation,1980,53 years 06 months,440888.0,218 BEDOK NTH ST 1,460218,1.32735657259634,103.933767796194,2025-09-09
198199,2025-09,BEDOK,4 ROOM,421,BEDOK NTH RD,13 TO 15,92.0,New Generation,1979,52 years 04 months,585000.0,421 BEDOK NTH RD,460421,1.32825912318808,103.928973650256,2025-09-09
198200,2025-09,BEDOK,4 ROOM,431A,BEDOK NTH RD,04 TO 06,94.0,Model A,2021,94 years 09 months,900000.0,431A BEDOK NTH RD,461431,1.32905755230773,103.932883464646,2025-09-09
198201,2025-09,BEDOK,4 ROOM,431A,BEDOK NTH RD,13 TO 15,94.0,Model A,2021,94 years 09 months,948000.0,431A BEDOK NTH RD,461431,1.32905755230773,103.932883464646,2025-09-09
198340,2025-09,BEDOK,4 ROOM,769,BEDOK RESERVOIR VIEW,01 TO 03,105.0,Premium Apartment,2000,74 years 03 months,660000.0,769 BEDOK RESERVOIR VIEW,470769,1.33577919034865,103.937911555857,2025-09-09
198441,2025-09,BEDOK,5 ROOM,516,BEDOK NTH AVE 2,01 TO 03,119.0,Improved,1979,53 years,650000.0,516 BEDOK NTH AVE 2,460516,1.3310599731551,103.930041392882,2025-09-09
199066,2025-09,BUKIT BATOK,3 ROOM,528,BT BATOK ST 51,07 TO 09,60.0,Improved,1987,60 years 10 months,420000.0,528 BT BATOK ST 51,650528,1.35665146828264,103.751091825657,2025-09-09
199263,2025-09,BUKIT BATOK,4 ROOM,204,BT BATOK ST 21,04 TO 06,104.0,Model A,1985,58 years 07 months,590000.0,204 BT BATOK ST 21,650204,1.34755865555388,103.74988715048,2025-09-09
199456,2025-09,BUKIT BATOK,4 ROOM,453A,BT BATOK WEST AVE 6,16 TO 18,93.0,Model A,2019,92 years 07 months,720000.0,453A BT BATOK WEST AVE 6,651453,1.35227488305445,103.742253260513,2025-09-09
199558,2025-09,BUKIT BATOK,4 ROOM,441B,BT BATOK WEST AVE 8,10 TO 12,92.0,Model A,2019,92 years 07 months,685000.0,441B BT BATOK WEST AVE 8,652441,1.35600327228239,103.738549101393,2025-09-09
200424,2025-09,BUKIT MERAH,4 ROOM,93A,TELOK BLANGAH ST 31,28 TO 30,93.0,Model A,2018,92 years 04 months,1088000.0,93A TELOK BLANGAH ST 31,101093,1.27532809461587,103.807323119129,2025-09-09
200623,2025-09,BUKIT PANJANG,3 ROOM,547D,SEGAR RD,01 TO 03,67.0,Model A,2015,88 years 10 months,481000.0,547D SEGAR RD,674547,1.38890112645022,103.7690032304,2025-09-09
200670,2025-09,BUKIT PANJANG,4 ROOM,435,BT PANJANG RING RD,04 TO 06,84.0,Simplified,1988,62 years 03 months,470000.0,435 BT PANJANG RING RD,670435,1.38603975530039,103.770196329443,2025-09-09
200850,2025-09,BUKIT PANJANG,4 ROOM,455,SEGAR RD,10 TO 12,93.0,Premium Apartment,2012,86 years 02 months,645555.0,455 SEGAR RD,670455,1.38729105122449,103.770822142944,2025-09-09
200983,2025-09,BUKIT PANJANG,5 ROOM,507,JELAPANG RD,10 TO 12,123.0,Improved,1998,71 years 08 months,710000.0,507 JELAPANG RD,670507,1.38655566901666,103.767999747519,2025-09-09
201357,2025-09,CHOA CHU KANG,3 ROOM,26,TECK WHYE LANE,10 TO 12,74.0,New Generation,1979,52 years 06 months,398000.0,26 TECK WHYE LANE,680026,1.37762112372223,103.755740001262,2025-09-09
201813,2025-09,CHOA CHU KANG,5 ROOM,810A,CHOA CHU KANG AVE 7,07 TO 09,113.0,Improved,2017,91 years 03 months,700000.0,810A CHOA CHU KANG AVE 7,681810,1.37454644083077,103.746304172261,2025-09-09
201911,2025-09,CHOA CHU KANG,5 ROOM,633,CHOA CHU KANG NTH 6,13 TO 15,127.0,Premium Apartment,1998,71 years 05 months,782888.0,633 CHOA CHU KANG NTH 6,680633,1.39669074814578,103.749255216403,2025-09-09
202015,2025-09,CHOA CHU KANG,EXECUTIVE,271,CHOA CHU KANG AVE 2,07 TO 09,148.0,Apartment,1993,66 years 11 months,750000.0,271 CHOA CHU KANG AVE 2,680271,1.37869966040642,103.742532296308,2025-09-09
202301,2025-09,CLEMENTI,4 ROOM,424,CLEMENTI AVE 1,04 TO 06,96.0,Model A,2013,87 years,920000.0,424 CLEMENTI AVE 1,120424,1.30954013201631,103.770500847759,2025-09-09
202631,2025-09,GEYLANG,3 ROOM,40,CIRCUIT RD,01 TO 03,66.0,Standard,1971,44 years 05 months,370000.0,40 CIRCUIT RD,370040,1.32767695905654,103.886264654446,2025-09-09
202778,2025-09,GEYLANG,4 ROOM,83B,CIRCUIT RD,01 TO 03,96.0,Model A,2020,93 years 08 months,875000.0,83B CIRCUIT RD,372083,1.32346051352288,103.890038083997,2025-09-09
202800,2025-09,GEYLANG,4 ROOM,11,EUNOS CRES,13 TO 15,91.0,New Generation,1977,50 years 09 months,630000.0,11 EUNOS CRES,400011,1.32180028934437,103.904424346286,2025-09-09
202801,2025-09,GEYLANG,4 ROOM,31,EUNOS CRES,16 TO 18,90.0,Model A,2007,80 years 05 months,970000.0,31 EUNOS CRES,400031,1.32038936286085,103.901842015603,2025-09-09
202804,2025-09,GEYLANG,4 ROOM,417,EUNOS RD 5,10 TO 12,107.0,Model A,1984,58 years 02 months,850000.0,417 EUNOS RD 5,400417,1.31807285075693,103.897087501294,2025-09-09
202886,2025-09,GEYLANG,5 ROOM,110,ALJUNIED CRES,07 TO 09,121.0,Improved,1980,53 years 11 months,818000.0,110 ALJUNIED CRES,380110,1.31997674731215,103.884439316163,2025-09-09
203108,2025-09,HOUGANG,3 ROOM,2,HOUGANG AVE 3,01 TO 03,59.0,Improved,1975,48 years 10 months,340000.0,2 HOUGANG AVE 3,530002,1.36313720753256,103.893184540903,2025-09-09
203145,2025-09,HOUGANG,3 ROOM,313,HOUGANG AVE 5,04 TO 06,59.0,Improved,1993,66 years 08 months,430000.0,313 HOUGANG AVE 5,530313,1.36521740546842,103.894771265948,2025-09-09
203154,2025-09,HOUGANG,3 ROOM,356,HOUGANG AVE 7,01 TO 03,67.0,New Generation,1984,58 years 05 months,420000.0,356 HOUGANG AVE 7,530356,1.37259314173855,103.898813147029,2025-09-09
203404,2025-09,HOUGANG,4 ROOM,404,HOUGANG AVE 10,04 TO 06,93.0,New Generation,1985,58 years 10 months,575000.0,404 HOUGANG AVE 10,530404,1.37384186784809,103.895829596218,2025-09-09
203405,2025-09,HOUGANG,4 ROOM,451,HOUGANG AVE 10,04 TO 06,113.0,Model A,1990,63 years 08 months,715000.0,451 HOUGANG AVE 10,530451,1.3788367824991,103.895916209081,2025-09-09
203752,2025-09,HOUGANG,5 ROOM,339,HOUGANG AVE 7,01 TO 03,121.0,Improved,1985,59 years 02 months,638000.0,339 HOUGANG AVE 7,530339,1.37002545723867,103.89857229481,2025-09-09
203915,2025-09,HOUGANG,EXECUTIVE,128,LOR AH SOO,01 TO 03,151.0,Maisonette,1984,57 years 10 months,930000.0,128 LOR AH SOO,530128,1.35172355247142,103.886487164914,2025-09-09
204407,2025-09,JURONG WEST,3 ROOM,150A,CORPORATION DR,10 TO 12,68.0,Model A,2019,92 years 08 months,515000.0,150A CORPORATION DR,611150,1.32675346321679,103.722161196654,2025-09-09
204519,2025-09,JURONG WEST,3 ROOM,511,JURONG WEST ST 52,10 TO 12,74.0,Model A,1984,57 years 06 months,462000.0,511 JURONG WEST ST 52,640511,1.34779267211314,103.71959110524,2025-09-09
204843,2025-09,JURONG WEST,4 ROOM,636,JURONG WEST ST 65,10 TO 12,91.0,Model A,2001,75 years 03 months,557000.0,636 JURONG WEST ST 65,640636,1.34225166848347,103.69787057646,2025-09-09
204912,2025-09,JURONG WEST,4 ROOM,813,JURONG WEST ST 81,04 TO 06,104.0,Model A,1990,63 years 06 months,477000.0,813 JURONG WEST ST 81,640813,1.34598386230771,103.69582944619,2025-09-09
204913,2025-09,JURONG WEST,4 ROOM,864,JURONG WEST ST 81,07 TO 09,105.0,Model A,1996,70 years 01 month,525088.0,864 JURONG WEST ST 81,640864,1.34948340124159,103.694556118022,2025-09-09
205061,2025-09,JURONG WEST,5 ROOM,273C,JURONG WEST AVE 3,13 TO 15,111.0,Improved,2001,75 years 04 months,592000.0,273C JURONG WEST AVE 3,643273,1.35183241937093,103.704007771092,2025-09-09
205200,2025-09,JURONG WEST,5 ROOM,677A,JURONG WEST ST 64,10 TO 12,110.0,Premium Apartment,2008,81 years 09 months,633888.0,677A JURONG WEST ST 64,641677,1.34563047616405,103.705038025438,2025-09-09
205287,2025-09,JURONG WEST,5 ROOM,858,JURONG WEST ST 81,07 TO 09,132.0,Model A,1996,69 years 11 months,710000.0,858 JURONG WEST ST 81,640858,1.34828949021977,103.696205676966,2025-09-09
205358,2025-09,JURONG WEST,5 ROOM,165B,YUNG KUANG RD,16 TO 18,113.0,Improved,2018,92 years 02 months,760000.0,165B YUNG KUANG RD,612165,1.33064472260389,103.722321863113,2025-09-09
205561,2025-09,KALLANG/WHAMPOA,3 ROOM,73,GEYLANG BAHRU,04 TO 06,59.0,Improved,1974,47 years 06 months,328000.0,73 GEYLANG BAHRU,330073,1.32264236942866,103.870596516216,2025-09-09
205773,2025-09,KALLANG/WHAMPOA,4 ROOM,39,CAMBRIDGE RD,07 TO 09,100.0,Model A,1997,71 years 03 months,800000.0,39 CAMBRIDGE RD,210039,1.31633807257608,103.848468483993,2025-09-09
205831,2025-09,KALLANG/WHAMPOA,4 ROOM,116A,JLN TENTERAM,25 TO 27,93.0,Model A,2017,91 years 03 months,908000.0,116A JLN TENTERAM,321116,1.3270531250321,103.860558381575,2025-09-09
206017,2025-09,KALLANG/WHAMPOA,5 ROOM,59C,GEYLANG BAHRU,16 TO 18,120.0,Improved,1998,72 years 04 months,1050000.0,59C GEYLANG BAHRU,332059,1.32221075711137,103.868500280143,2025-09-09
206028,2025-09,KALLANG/WHAMPOA,5 ROOM,18,JLN TENTERAM,13 TO 15,105.0,Improved,2004,77 years 11 months,860000.0,18 JLN TENTERAM,321018,1.32782768735672,103.860080664772,2025-09-09
206574,2025-09,PASIR RIS,EXECUTIVE,136,PASIR RIS ST 11,01 TO 03,145.0,Apartment,1994,68 years 02 months,851000.0,136 PASIR RIS ST 11,510136,1.36468913188234,103.957950593135,2025-09-09
206757,2025-09,PUNGGOL,3 ROOM,209B,PUNGGOL PL,10 TO 12,67.0,Model A,2014,88 years 03 months,555000.0,209B PUNGGOL PL,822209,1.39973051378134,103.900935406518,2025-09-09
206844,2025-09,PUNGGOL,3 ROOM,325A,SUMANG WALK,16 TO 18,68.0,Premium Apartment,2020,93 years 05 months,600000.0,325A SUMANG WALK,821325,1.41359660400066,103.898121318524,2025-09-09
207089,2025-09,PUNGGOL,4 ROOM,306D,PUNGGOL DR,10 TO 12,93.0,Premium Apartment,2012,85 years 11 months,768888.0,306D PUNGGOL DR,824306,1.40608143462906,103.906438377943,2025-09-09
207090,2025-09,PUNGGOL,4 ROOM,619B,PUNGGOL DR,01 TO 03,95.0,Premium Apartment,2013,87 years,615000.0,619B PUNGGOL DR,822619,1.4028812272329,103.911042035521,2025-09-09
207107,2025-09,PUNGGOL,4 ROOM,167C,PUNGGOL EAST,07 TO 09,92.0,Premium Apartment,2009,82 years 07 months,645000.0,167C PUNGGOL EAST,823167,1.39438896172643,103.914752389752,2025-09-09
207386,2025-09,PUNGGOL,4 ROOM,233C,SUMANG LANE,10 TO 12,93.0,Model A,2018,92 years 03 months,675000.0,233C SUMANG LANE,823233,1.40173289385942,103.891041221089,2025-09-09
207393,2025-09,PUNGGOL,4 ROOM,313C,SUMANG LINK,16 TO 18,92.0,Model A,2015,88 years 09 months,745000.0,313C SUMANG LINK,823313,1.41062885103467,103.901551852458,2025-09-09
207573,2025-09,PUNGGOL,5 ROOM,642A,PUNGGOL DR,04 TO 06,111.0,Premium Apartment,2005,78 years 05 months,700000.0,642A PUNGGOL DR,821642,1.39816276188602,103.916714233829,2025-09-09
207682,2025-09,PUNGGOL,5 ROOM,272A,PUNGGOL WALK,07 TO 09,116.0,Premium Apartment,2014,87 years 07 months,985888.0,272A PUNGGOL WALK,821272,1.40314525876874,103.900666001893,2025-09-09
208286,2025-09,SEMBAWANG,2 ROOM,102B,CANBERRA ST,13 TO 15,47.0,2-room,2020,94 years 03 months,370000.0,102B CANBERRA ST,752102,1.45123970424367,103.83143636512,2025-09-09
208294,2025-09,SEMBAWANG,2 ROOM,115B,CANBERRA WALK,07 TO 09,47.0,Model A,2018,91 years 11 months,380000.0,115B CANBERRA WALK,752115,1.44631122878781,103.829416902418,2025-09-09
208317,2025-09,SEMBAWANG,2 ROOM,363A,SEMBAWANG CRES,07 TO 09,47.0,Model A,2019,92 years 09 months,350000.0,363A SEMBAWANG CRES,751363,1.44576016585328,103.814267716736,2025-09-09
208377,2025-09,SEMBAWANG,3 ROOM,115A,CANBERRA WALK,07 TO 09,68.0,Model A,2018,91 years 10 months,572000.0,115A CANBERRA WALK,751115,1.44662215217976,103.829140768756,2025-09-09
209019,2025-09,SEMBAWANG,5 ROOM,101A,CANBERRA ST,07 TO 09,113.0,Improved,2020,94 years 04 months,750000.0,101A CANBERRA ST,751101,1.45173892803325,103.83045410628,2025-09-09
209422,2025-09,SENGKANG,4 ROOM,355A,ANCHORVALE LANE,01 TO 03,93.0,Model A,2021,94 years 06 months,606000.0,355A ANCHORVALE LANE,541355,1.39296872192969,103.885107193078,2025-09-09
209550,2025-09,SENGKANG,4 ROOM,296A,COMPASSVALE CRES,13 TO 15,90.0,Model A,2002,75 years 04 months,580000.0,296A COMPASSVALE CRES,541296,1.3970353252163,103.899330986212,2025-09-09
209662,2025-09,SENGKANG,4 ROOM,265B,COMPASSVALE LINK,10 TO 12,92.0,Premium Apartment,2008,81 years 09 months,750000.0,265B COMPASSVALE LINK,542265,1.38213716574566,103.895742316336,2025-09-09
210400,2025-09,SENGKANG,5 ROOM,157A,RIVERVALE CRES,13 TO 15,111.0,Premium Apartment,2003,77 years 02 months,665000.0,157A RIVERVALE CRES,541157,1.38785512397153,103.908392900982,2025-09-09
210453,2025-09,SENGKANG,5 ROOM,191A,RIVERVALE DR,01 TO 03,114.0,Improved,2000,74 years 01 month,655000.0,191A RIVERVALE DR,541191,1.39374008288861,103.903484775847,2025-09-09
210929,2025-09,TAMPINES,3 ROOM,868C,TAMPINES AVE 8,01 TO 03,67.0,Model A,2015,88 years 10 months,530000.0,868C TAMPINES AVE 8,523868,1.35585780112316,103.933334387633,2025-09-09
211041,2025-09,TAMPINES,3 ROOM,253,TAMPINES ST 21,10 TO 12,79.0,Model A,1984,57 years 10 months,495000.0,253 TAMPINES ST 21,521253,1.35326407704511,103.948114820428,2025-09-09
211696,2025-09,TAMPINES,4 ROOM,489C,TAMPINES ST 45,10 TO 12,104.0,Model A,1989,62 years 10 months,650000.0,489C TAMPINES ST 45,522489,1.36178565471454,103.956532457975,2025-09-09
211842,2025-09,TAMPINES,4 ROOM,910,TAMPINES ST 91,01 TO 03,110.0,Model A,1984,58 years 02 months,635000.0,910 TAMPINES ST 91,520910,1.34981662888398,103.938742161124,2025-09-09
211843,2025-09,TAMPINES,4 ROOM,910,TAMPINES ST 91,04 TO 06,104.0,Model A,1984,58 years 02 months,650000.0,910 TAMPINES ST 91,520910,1.34981662888398,103.938742161124,2025-09-09
211878,2025-09,TAMPINES,5 ROOM,114,SIMEI ST 1,07 TO 09,122.0,Improved,1988,61 years 05 months,735000.0,114 SIMEI ST 1,520114,1.34384910516645,103.950437525657,2025-09-09
212112,2025-09,TAMPINES,5 ROOM,323,TAMPINES ST 33,04 TO 06,130.0,Improved,1995,69 years,758000.0,323 TAMPINES ST 33,520323,1.35159004317722,103.958395332025,2025-09-09
212245,2025-09,TAMPINES,EXECUTIVE,147,TAMPINES AVE 5,01 TO 03,150.0,Maisonette,1985,58 years 08 months,970000.0,147 TAMPINES AVE 5,521147,1.34923238819558,103.942181032929,2025-09-09
212473,2025-09,TOA PAYOH,3 ROOM,107,LOR 1 TOA PAYOH,07 TO 09,67.0,Improved,1970,43 years 05 months,385000.0,107 LOR 1 TOA PAYOH,310107,1.34123358840729,103.847294021513,2025-09-09
212599,2025-09,TOA PAYOH,3 ROOM,101,POTONG PASIR AVE 1,16 TO 18,74.0,Model A,1984,58 years 01 month,617888.0,101 POTONG PASIR AVE 1,350101,1.33315710123237,103.868380398922,2025-09-09
212737,2025-09,TOA PAYOH,4 ROOM,102A,BIDADARI PK DR,04 TO 06,97.0,Model A,2021,94 years 09 months,1058000.0,102A BIDADARI PK DR,341102,1.33735590005967,103.871390657454,2025-09-09
212748,2025-09,TOA PAYOH,4 ROOM,9,JOO SENG RD,01 TO 03,93.0,Model A,2017,90 years 06 months,828888.0,9 JOO SENG RD,360009,1.33494820274271,103.879540608882,2025-09-09
213034,2025-09,TOA PAYOH,5 ROOM,142,LOR 2 TOA PAYOH,25 TO 27,116.0,Improved,2001,74 years 04 months,1210000.0,142 LOR 2 TOA PAYOH,310142,1.33583774995002,103.845162997311,2025-09-09
213067,2025-09,TOA PAYOH,5 ROOM,6,LOR 7 TOA PAYOH,07 TO 09,121.0,Improved,1998,72 years 01 month,960000.0,6 LOR 7 TOA PAYOH,310006,1.33858279721249,103.85719237771,2025-09-09
213235,2025-09,WOODLANDS,3 ROOM,784C,WOODLANDS RISE,01 TO 03,68.0,Model A,2018,91 years 11 months,480000.0,784C WOODLANDS RISE,733784,1.4459309722247,103.805162418466,2025-09-09
213305,2025-09,WOODLANDS,4 ROOM,25,MARSILING DR,10 TO 12,92.0,New Generation,1977,50 years 10 months,448000.0,25 MARSILING DR,730025,1.4419400958206,103.772053205058,2025-09-09
213559,2025-09,WOODLANDS,4 ROOM,553,WOODLANDS DR 44,01 TO 03,102.0,Model A,2000,73 years 09 months,555000.0,553 WOODLANDS DR 44,730553,1.43161421964632,103.795071966682,2025-09-09
213747,2025-09,WOODLANDS,4 ROOM,607,WOODLANDS RING RD,07 TO 09,102.0,Model A,1998,71 years 08 months,555000.0,607 WOODLANDS RING RD,730607,1.43665492960631,103.796231467375,2025-09-09
214058,2025-09,WOODLANDS,5 ROOM,539,WOODLANDS DR 16,04 TO 06,121.0,Improved,2000,74 years,645000.0,539 WOODLANDS DR 16,730539,1.42907711731008,103.792255894538,2025-09-09
214059,2025-09,WOODLANDS,5 ROOM,589,WOODLANDS DR 16,07 TO 09,111.0,Improved,2001,74 years 08 months,656888.0,589 WOODLANDS DR 16,730589,1.42774541328112,103.795127473119,2025-09-09
214097,2025-09,WOODLANDS,5 ROOM,889B,WOODLANDS DR 50,07 TO 09,113.0,Improved,2017,90 years 11 months,768000.0,889B WOODLANDS DR 50,732889,1.43780529526113,103.792896090852,2025-09-09
214177,2025-09,WOODLANDS,5 ROOM,687A,WOODLANDS DR 75,01 TO 03,115.0,Premium Apartment,2003,76 years 04 months,560000.0,687A WOODLANDS DR 75,731687,1.44100430753825,103.807223345894,2025-09-09
214726,2025-09,YISHUN,3 ROOM,227,YISHUN ST 21,07 TO 09,67.0,New Generation,1985,59 years 02 months,448000.0,227 YISHUN ST 21,760227,1.435069715602,103.836644751474,2025-09-09
214973,2025-09,YISHUN,4 ROOM,673B,YISHUN AVE 4,07 TO 09,93.0,Model A,2018,92 years 03 months,628000.0,673B YISHUN AVE 4,762673,1.42061127062467,103.842183264721,2025-09-09
215065,2025-09,YISHUN,4 ROOM,316C,YISHUN AVE 9,10 TO 12,92.0,Model A,2015,89 years 01 month,630000.0,316C YISHUN AVE 9,763316,1.43292306072856,103.843472712009,2025-09-09
215176,2025-09,YISHUN,4 ROOM,448,YISHUN RING RD,04 TO 06,92.0,Model A,2012,85 years 11 months,555888.0,448 YISHUN RING RD,760448,1.42248271677898,103.844903042843,2025-09-09
215193,2025-09,YISHUN,4 ROOM,134,YISHUN ST 11,04 TO 06,98.0,New Generation,1984,58 years,520000.0,134 YISHUN ST 11,760134,1.43237650538302,103.831410877391,2025-09-09
215367,2025-09,YISHUN,4 ROOM,628,YISHUN ST 61,10 TO 12,103.0,Model A,1988,61 years 07 months,645000.0,628 YISHUN ST 61,760628,1.41807802756009,103.836957262586,2025-09-09
215410,2025-09,YISHUN,4 ROOM,756,YISHUN ST 72,07 TO 09,84.0,Simplified,1985,59 years 02 months,538000.0,756 YISHUN ST 72,760756,1.42656876558013,103.833243240371,2025-09-09
215513,2025-09,YISHUN,5 ROOM,315B,YISHUN AVE 9,01 TO 03,112.0,Improved,2015,89 years 02 months,720000.0,315B YISHUN AVE 9,762315,1.43193085614681,103.842565042895,2025-09-09
215560,2025-09,YISHUN,5 ROOM,677C,YISHUN RING RD,10 TO 12,113.0,Improved,2018,92 years 02 months,802888.0,677C YISHUN RING RD,763677,1.42203278942045,103.842062667848,2025-09-09
197147,2025-09,ANG MO KIO,3 ROOM,577,ANG MO KIO AVE 10,13 TO 15,67.0,New Generation,1980,53 years 05 months,400000.0,577 ANG MO KIO AVE 10,560577,1.37178732806791,103.855854368773,2025-09-10
197232,2025-09,ANG MO KIO,3 ROOM,130,ANG MO KIO AVE 3,07 TO 09,73.0,New Generation,1979,52 years 04 months,468000.0,130 ANG MO KIO AVE 3,560130,1.37039791675237,103.841878840032,2025-09-10
197490,2025-09,ANG MO KIO,4 ROOM,204,ANG MO KIO AVE 3,10 TO 12,92.0,New Generation,1977,50 years 05 months,600000.0,204 ANG MO KIO AVE 3,560204,1.36736755852819,103.843920935718,2025-09-10
197695,2025-09,ANG MO KIO,5 ROOM,588A,ANG MO KIO ST 52,28 TO 30,120.0,DBSS,2011,85 years,1435000.0,588A ANG MO KIO ST 52,561588,1.37207688864036,103.852786139342,2025-09-10
198453,2025-09,BEDOK,5 ROOM,407,BEDOK NTH AVE 3,13 TO 15,118.0,Improved,1980,53 years 10 months,788888.0,407 BEDOK NTH AVE 3,460407,1.32846320022376,103.933682843781,2025-09-10
198693,2025-09,BISHAN,4 ROOM,112,BISHAN ST 12,04 TO 06,84.0,Simplified,1985,58 years 10 months,728000.0,112 BISHAN ST 12,570112,1.34681029782167,103.84904106054,2025-09-10
198694,2025-09,BISHAN,4 ROOM,142,BISHAN ST 12,04 TO 06,84.0,Simplified,1988,61 years 11 months,728800.0,142 BISHAN ST 12,570142,1.34550186128369,103.853443638303,2025-09-10
198943,2025-09,BUKIT BATOK,2 ROOM,460B,BT BATOK WEST AVE 9,07 TO 09,48.0,2-room,2020,93 years 09 months,390000.0,460B BT BATOK WEST AVE 9,652460,1.35370592391877,103.739150308425,2025-09-10
199190,2025-09,BUKIT BATOK,3 ROOM,460A,BT BATOK WEST AVE 9,10 TO 12,68.0,Model A,2020,93 years 09 months,540000.0,460A BT BATOK WEST AVE 9,651460,1.35426046045608,103.739309747692,2025-09-10
199225,2025-09,BUKIT BATOK,4 ROOM,241,BT BATOK EAST AVE 5,01 TO 03,99.0,New Generation,1985,59 years 01 month,530000.0,241 BT BATOK EAST AVE 5,650241,1.3508952364452,103.75454446951,2025-09-10
199303,2025-09,BUKIT BATOK,4 ROOM,288D,BT BATOK ST 25,10 TO 12,92.0,Model A2,1998,71 years 07 months,600000.0,288D BT BATOK ST 25,653288,1.34580304817683,103.759260051639,2025-09-10
199350,2025-09,BUKIT BATOK,4 ROOM,343,BT BATOK ST 34,10 TO 12,103.0,Model A,1987,60 years 06 months,560000.0,343 BT BATOK ST 34,650343,1.36238776835658,103.749167455431,2025-09-10
199572,2025-09,BUKIT BATOK,4 ROOM,464B,BT BATOK WEST AVE 8,13 TO 15,93.0,Model A,2021,94 years 11 months,682000.0,464B BT BATOK WEST AVE 8,652464,1.3579967815657,103.742102165928,2025-09-10
199805,2025-09,BUKIT BATOK,5 ROOM,439C,BT BATOK WEST AVE 8,07 TO 09,113.0,Improved,2020,93 years 06 months,765000.0,439C BT BATOK WEST AVE 8,653439,1.35762861295926,103.738857524407,2025-09-10
199806,2025-09,BUKIT BATOK,5 ROOM,464A,BT BATOK WEST AVE 8,01 TO 03,113.0,Improved,2021,94 years 10 months,700000.0,464A BT BATOK WEST AVE 8,651464,1.35737021414307,103.741749681703,2025-09-10
199807,2025-09,BUKIT BATOK,5 ROOM,464A,BT BATOK WEST AVE 8,01 TO 03,113.0,Improved,2021,94 years 10 months,710000.0,464A BT BATOK WEST AVE 8,651464,1.35737021414307,103.741749681703,2025-09-10
200014,2025-09,BUKIT MERAH,3 ROOM,30,JLN KLINIK,04 TO 06,58.0,Standard,1969,42 years 11 months,405000.0,30 JLN KLINIK,160030,1.28766976882827,103.828202949008,2025-09-10
200109,2025-09,BUKIT MERAH,3 ROOM,63,TELOK BLANGAH HTS,07 TO 09,73.0,New Generation,1976,50 years 01 month,438000.0,63 TELOK BLANGAH HTS,100063,1.27483128151468,103.810941362052,2025-09-10
200498,2025-09,BUKIT MERAH,5 ROOM,96A,HENDERSON RD,25 TO 27,113.0,Improved,2019,92 years 08 months,1400000.0,96A HENDERSON RD,151096,1.28798878836651,103.821947260359,2025-09-10
200645,2025-09,BUKIT PANJANG,3 ROOM,460,SEGAR RD,04 TO 06,68.0,Premium Apartment,2015,88 years 11 months,485000.0,460 SEGAR RD,670460,1.38725146572543,103.772083507035,2025-09-10
200661,2025-09,BUKIT PANJANG,4 ROOM,277,BANGKIT RD,13 TO 15,106.0,Model A,1988,62 years 02 months,555000.0,277 BANGKIT RD,670277,1.37606226195911,103.775010615964,2025-09-10
200802,2025-09,BUKIT PANJANG,4 ROOM,207,PETIR RD,07 TO 09,104.0,Model A,1988,61 years 08 months,550000.0,207 PETIR RD,670207,1.37370703550109,103.774851276857,2025-09-10
200937,2025-09,BUKIT PANJANG,5 ROOM,253,BANGKIT RD,10 TO 12,122.0,Improved,1988,62 years 02 months,760000.0,253 BANGKIT RD,670253,1.37958729930597,103.774819935019,2025-09-10
201142,2025-09,BUKIT PANJANG,EXECUTIVE,503,JELAPANG RD,07 TO 09,145.0,Maisonette,1998,71 years 07 months,855000.0,503 JELAPANG RD,670503,1.3841841461098,103.766434636885,2025-09-10
202403,2025-09,CLEMENTI,4 ROOM,309,CLEMENTI AVE 4,04 TO 06,92.0,New Generation,1980,53 years 04 months,628888.0,309 CLEMENTI AVE 4,120309,1.32091981411778,103.766377598785,2025-09-10
202404,2025-09,CLEMENTI,4 ROOM,311B,CLEMENTI AVE 4,16 TO 18,80.0,DBSS,2014,88 years 04 months,948888.0,311B CLEMENTI AVE 4,122311,1.31944669077178,103.765649446368,2025-09-10
202529,2025-09,GEYLANG,2 ROOM,44,CIRCUIT RD,01 TO 03,42.0,Standard,1971,44 years 05 months,290000.0,44 CIRCUIT RD,370044,1.32665458025622,103.886118963317,2025-09-10
202688,2025-09,GEYLANG,3 ROOM,19,EUNOS CRES,04 TO 06,65.0,Improved,1977,50 years 08 months,374000.0,19 EUNOS CRES,400019,1.32427583956643,103.903205459225,2025-09-10
202763,2025-09,GEYLANG,4 ROOM,32,CASSIA CRES,10 TO 12,93.0,New Generation,1981,54 years 10 months,685000.0,32 CASSIA CRES,390032,1.30941607107151,103.883900101162,2025-09-10
203237,2025-09,HOUGANG,3 ROOM,644,HOUGANG AVE 8,07 TO 09,69.0,Improved,1987,60 years 05 months,470000.0,644 HOUGANG AVE 8,530644,1.37143736463903,103.88126107892,2025-09-10
203328,2025-09,HOUGANG,4 ROOM,996B,BUANGKOK CRES,10 TO 12,93.0,Model A,2019,93 years,680000.0,996B BUANGKOK CRES,532996,1.38611330718324,103.882052260458,2025-09-10
203465,2025-09,HOUGANG,4 ROOM,21,HOUGANG AVE 3,01 TO 03,98.0,New Generation,1978,51 years 09 months,505000.0,21 HOUGANG AVE 3,530021,1.36424598368903,103.89147765714,2025-09-10
203572,2025-09,HOUGANG,4 ROOM,613,HOUGANG AVE 8,07 TO 09,84.0,Simplified,1986,59 years 10 months,513000.0,613 HOUGANG AVE 8,530613,1.36948675640333,103.884789364828,2025-09-10
203720,2025-09,HOUGANG,4 ROOM,476B,UPP SERANGOON VIEW,13 TO 15,92.0,Premium Apartment,2016,89 years 07 months,770000.0,476B UPP SERANGOON VIEW,532476,1.37732845210704,103.904212191193,2025-09-10
203739,2025-09,HOUGANG,5 ROOM,981A,BUANGKOK CRES,04 TO 06,110.0,Improved,2003,76 years 09 months,635000.0,981A BUANGKOK CRES,531981,1.38048661721772,103.880709706168,2025-09-10
203759,2025-09,HOUGANG,5 ROOM,462,HOUGANG AVE 10,04 TO 06,133.0,Model A,1992,65 years 11 months,915000.0,462 HOUGANG AVE 10,530462,1.37222557449695,103.894640407148,2025-09-10
203821,2025-09,HOUGANG,5 ROOM,916,HOUGANG AVE 9,01 TO 03,120.0,Improved,1998,71 years 11 months,735000.0,916 HOUGANG AVE 9,530916,1.37491294204266,103.884293734049,2025-09-10
204033,2025-09,JURONG EAST,3 ROOM,257,JURONG EAST ST 24,04 TO 06,67.0,New Generation,1983,56 years 04 months,425000.0,257 JURONG EAST ST 24,600257,1.34451804267549,103.738630332612,2025-09-10
204102,2025-09,JURONG EAST,3 ROOM,57,TEBAN GDNS RD,10 TO 12,67.0,Model A,2016,90 years 03 months,470000.0,57 TEBAN GDNS RD,600057,1.32254226544254,103.737560699176,2025-09-10
204298,2025-09,JURONG EAST,EXECUTIVE,327,JURONG EAST ST 31,07 TO 09,149.0,Maisonette,1985,58 years 08 months,866000.0,327 JURONG EAST ST 31,600327,1.34914053686845,103.729174020373,2025-09-10
204321,2025-09,JURONG WEST,2 ROOM,180A,BOON LAY DR,13 TO 15,47.0,Model A,2014,87 years 08 months,345000.0,180A BOON LAY DR,641180,1.34761769756975,103.708643921054,2025-09-10
204857,2025-09,JURONG WEST,4 ROOM,685B,JURONG WEST ST 64,04 TO 06,94.0,Premium Apartment,2000,74 years,580000.0,685B JURONG WEST ST 64,642685,1.34292038876781,103.704168834122,2025-09-10
205024,2025-09,JURONG WEST,4 ROOM,353,KANG CHING RD,10 TO 12,101.0,Model A,1997,70 years 06 months,595000.0,353 KANG CHING RD,610353,1.3396360470162,103.720528200834,2025-09-10
205089,2025-09,JURONG WEST,5 ROOM,204,BOON LAY DR,19 TO 21,120.0,Standard,1976,49 years 09 months,585000.0,204 BOON LAY DR,640204,1.34439040632356,103.715097702741,2025-09-10
205210,2025-09,JURONG WEST,5 ROOM,625,JURONG WEST ST 61,10 TO 12,110.0,Improved,2001,74 years 06 months,650000.0,625 JURONG WEST ST 61,640625,1.34152011714806,103.698796952856,2025-09-10
205509,2025-09,JURONG WEST,EXECUTIVE,828,JURONG WEST ST 81,10 TO 12,143.0,Apartment,1993,66 years 08 months,758000.0,828 JURONG WEST ST 81,640828,1.34515689436503,103.693114061742,2025-09-10
205587,2025-09,KALLANG/WHAMPOA,3 ROOM,15,FARRER PK RD,28 TO 30,62.0,Model A,2004,77 years 10 months,668888.0,15 FARRER PK RD,210015,1.31104346812009,103.851660614786,2025-09-10
205805,2025-09,KALLANG/WHAMPOA,4 ROOM,38A,BENDEMEER RD,04 TO 06,92.0,Model A,2012,85 years 08 months,920000.0,38A BENDEMEER RD,331038,1.32005797775204,103.866939439236,2025-09-10
206294,2025-09,PASIR RIS,4 ROOM,639,PASIR RIS DR 1,13 TO 15,104.0,Model A,1995,68 years 10 months,655000.0,639 PASIR RIS DR 1,510639,1.3766676965195,103.939880592625,2025-09-10
206666,2025-09,PASIR RIS,EXECUTIVE,549,PASIR RIS ST 51,04 TO 06,157.0,Maisonette,1992,66 years 03 months,1020000.0,549 PASIR RIS ST 51,510549,1.36786628480992,103.953507129107,2025-09-10
207844,2025-09,QUEENSTOWN,2 ROOM,40B,MARGARET DR,07 TO 09,47.0,Premium Apartment,2022,95 years 06 months,545000.0,40B MARGARET DR,142040,1.2968132363236,103.806238002701,2025-09-10
208142,2025-09,QUEENSTOWN,4 ROOM,32,GHIM MOH LINK,34 TO 36,93.0,Model A,2018,91 years 10 months,1220000.0,32 GHIM MOH LINK,271032,1.3100634072092,103.784498087029,2025-09-10
208854,2025-09,SEMBAWANG,4 ROOM,362A,SEMBAWANG CRES,10 TO 12,93.0,Model A,2019,92 years 09 months,665000.0,362A SEMBAWANG CRES,751362,1.44719485060317,103.814007986875,2025-09-10
208992,2025-09,SEMBAWANG,5 ROOM,308,CANBERRA RD,07 TO 09,120.0,Improved,1998,72 years 04 months,688000.0,308 CANBERRA RD,750308,1.44632693492685,103.821744465946,2025-09-10
209757,2025-09,SENGKANG,4 ROOM,298B,COMPASSVALE ST,07 TO 09,94.0,Premium Apartment,2001,74 years 11 months,583000.0,298B COMPASSVALE ST,542298,1.39552167463018,103.902214028744,2025-09-10
209758,2025-09,SENGKANG,4 ROOM,299B,COMPASSVALE ST,10 TO 12,94.0,Premium Apartment,2001,75 years,570000.0,299B COMPASSVALE ST,542299,1.39682859571624,103.901186812758,2025-09-10
209898,2025-09,SENGKANG,4 ROOM,471B,FERNVALE ST,07 TO 09,93.0,Model A,2016,90 years,638888.0,471B FERNVALE ST,792471,1.39649875629749,103.880447337309,2025-09-10
209953,2025-09,SENGKANG,4 ROOM,156,RIVERVALE CRES,16 TO 18,90.0,Model A,2005,79 years 04 months,595000.0,156 RIVERVALE CRES,540156,1.39110869598936,103.907428124115,2025-09-10
209954,2025-09,SENGKANG,4 ROOM,163B,RIVERVALE CRES,07 TO 09,93.0,Model A,2017,90 years 08 months,660000.0,163B RIVERVALE CRES,542163,1.38919549974865,103.908650220784,2025-09-10
210156,2025-09,SENGKANG,5 ROOM,322C,ANCHORVALE DR,01 TO 03,110.0,Improved,2002,75 years 10 months,672800.0,322C ANCHORVALE DR,543322,1.39189398402945,103.892092264081,2025-09-10
210181,2025-09,SENGKANG,5 ROOM,356A,ANCHORVALE LANE,04 TO 06,113.0,Improved,2021,94 years 06 months,845000.0,356A ANCHORVALE LANE,541356,1.39343577522561,103.884811967949,2025-09-10
210651,2025-09,SENGKANG,EXECUTIVE,250C,COMPASSVALE ST,01 TO 03,130.0,Apartment,2000,73 years 11 months,798888.0,250C COMPASSVALE ST,543250,1.39269343697359,103.899877418149,2025-09-10
210741,2025-09,SERANGOON,3 ROOM,152,SERANGOON NTH AVE 1,04 TO 06,64.0,Simplified,1986,60 years 04 months,455000.0,152 SERANGOON NTH AVE 1,550152,1.36934726797811,103.872613997697,2025-09-10
210854,2025-09,SERANGOON,4 ROOM,118,SERANGOON NTH AVE 1,10 TO 12,91.0,New Generation,1986,59 years 05 months,550000.0,118 SERANGOON NTH AVE 1,550118,1.36759548630876,103.870917753447,2025-09-10
211015,2025-09,TAMPINES,3 ROOM,601B,TAMPINES AVE 9,07 TO 09,68.0,Model A,2020,93 years 06 months,630000.0,601B TAMPINES AVE 9,522601,1.3608827749542,103.937510784188,2025-09-10
211070,2025-09,TAMPINES,3 ROOM,105,TAMPINES ST 11,10 TO 12,75.0,Model A,1982,56 years 03 months,490000.0,105 TAMPINES ST 11,521105,1.3480931246949,103.947177564477,2025-09-10
211143,2025-09,TAMPINES,3 ROOM,214,TAMPINES ST 23,10 TO 12,67.0,New Generation,1985,59 years 03 months,495888.0,214 TAMPINES ST 23,520214,1.35466245223197,103.953529846928,2025-09-10
211712,2025-09,TAMPINES,4 ROOM,364,TAMPINES ST 34,01 TO 03,100.0,Model A,1997,70 years 08 months,625000.0,364 TAMPINES ST 34,520364,1.35693800952142,103.959873498292,2025-09-10
211735,2025-09,TAMPINES,4 ROOM,450D,TAMPINES ST 42,07 TO 09,105.0,Model A,1996,70 years,640000.0,450D TAMPINES ST 42,524450,1.35713536413244,103.952873767554,2025-09-10
211899,2025-09,TAMPINES,4 ROOM,870A,TAMPINES ST 86,10 TO 12,93.0,Model A,2017,90 years 05 months,745000.0,870A TAMPINES ST 86,521870,1.35608700205895,103.931752248401,2025-09-10
211929,2025-09,TAMPINES,5 ROOM,167A,SIMEI LANE,07 TO 09,111.0,DBSS,2011,84 years 06 months,965000.0,167A SIMEI LANE,521167,1.34356565862111,103.959402041657,2025-09-10
212017,2025-09,TAMPINES,5 ROOM,519D,TAMPINES CTRL 8,07 TO 09,108.0,DBSS,2014,87 years 10 months,1050000.0,519D TAMPINES CTRL 8,524519,1.35620782102782,103.939593965028,2025-09-10
212127,2025-09,TAMPINES,5 ROOM,610C,TAMPINES NTH DR 1,10 TO 12,113.0,Improved,2020,94 years 02 months,910000.0,610C TAMPINES NTH DR 1,523610,1.36441776002022,103.935558340158,2025-09-10
212463,2025-09,TOA PAYOH,3 ROOM,115A,ALKAFF CRES,16 TO 18,68.0,Model A,2020,94 years 04 months,800000.0,115A ALKAFF CRES,341115,1.33645283610396,103.87276093968,2025-09-10
212650,2025-09,TOA PAYOH,3 ROOM,232,LOR 8 TOA PAYOH,04 TO 06,65.0,Improved,1976,50 years 02 months,343000.0,232 LOR 8 TOA PAYOH,310232,1.3375718690811,103.858843935428,2025-09-10
212689,2025-09,TOA PAYOH,3 ROOM,140,POTONG PASIR AVE 3,04 TO 06,74.0,Model A,1984,57 years 10 months,560000.0,140 POTONG PASIR AVE 3,350140,1.33381551462422,103.866824943073,2025-09-10
212957,2025-09,TOA PAYOH,4 ROOM,214,LOR 8 TOA PAYOH,04 TO 06,82.0,Improved,1975,49 years,475000.0,214 LOR 8 TOA PAYOH,310214,1.34183370695987,103.854370726041,2025-09-10
212958,2025-09,TOA PAYOH,4 ROOM,227,LOR 8 TOA PAYOH,01 TO 03,82.0,Improved,1976,49 years 09 months,472000.0,227 LOR 8 TOA PAYOH,310227,1.33951514445795,103.857970837281,2025-09-10
213082,2025-09,TOA PAYOH,5 ROOM,250,KIM KEAT LINK,04 TO 06,121.0,Improved,1989,62 years 05 months,795000.0,250 KIM KEAT LINK,310250,1.33199426583747,103.856650727575,2025-09-10
213122,2025-09,TOA PAYOH,5 ROOM,121,LOR 2 TOA PAYOH,07 TO 09,122.0,Improved,2002,75 years 05 months,1160000.0,121 LOR 2 TOA PAYOH,310121,1.3391626233715,103.846243540344,2025-09-10
213287,2025-09,WOODLANDS,3 ROOM,339,WOODLANDS AVE 1,01 TO 03,68.0,New Generation,1995,68 years 11 months,438000.0,339 WOODLANDS AVE 1,730339,1.43100437721898,103.781602327403,2025-09-10
213556,2025-09,WOODLANDS,4 ROOM,780C,WOODLANDS CRES,01 TO 03,92.0,Model A,2015,88 years 11 months,568000.0,780C WOODLANDS CRES,733780,1.44911111477951,103.801346682135,2025-09-10
213840,2025-09,WOODLANDS,4 ROOM,630,WOODLANDS RING RD,04 TO 06,101.0,Model A,1998,72 years,550000.0,630 WOODLANDS RING RD,730630,1.43459740049636,103.801501088314,2025-09-10
213903,2025-09,WOODLANDS,4 ROOM,183A,WOODLANDS ST 13,28 TO 30,93.0,Model A,2019,93 years 02 months,740000.0,183A WOODLANDS ST 13,731183,1.43541550566116,103.777407059508,2025-09-10
213904,2025-09,WOODLANDS,4 ROOM,185B,WOODLANDS ST 13,01 TO 03,93.0,Model A,2019,93 years 02 months,600000.0,185B WOODLANDS ST 13,732185,1.43585650383199,103.776294109996,2025-09-10
214221,2025-09,WOODLANDS,5 ROOM,671,WOODLANDS DR 71,07 TO 09,111.0,Improved,2000,74 years 02 months,688000.0,671 WOODLANDS DR 71,730671,1.43905964105019,103.798774829516,2025-09-10
214296,2025-09,WOODLANDS,5 ROOM,649,WOODLANDS RING RD,07 TO 09,122.0,Improved,1998,71 years 10 months,695000.0,649 WOODLANDS RING RD,730649,1.43893593743693,103.800962457948,2025-09-10
214305,2025-09,WOODLANDS,5 ROOM,783D,WOODLANDS RISE,16 TO 18,113.0,Improved,2018,92 years,710000.0,783D WOODLANDS RISE,734783,1.44697243135983,103.803367709955,2025-09-10
214488,2025-09,WOODLANDS,EXECUTIVE,834,WOODLANDS ST 83,07 TO 09,147.0,Apartment,1994,67 years 08 months,928000.0,834 WOODLANDS ST 83,730834,1.44007817169826,103.79107573281,2025-09-10
215166,2025-09,YISHUN,4 ROOM,317A,YISHUN AVE 9,04 TO 06,92.0,Model A,2015,89 years 01 month,585000.0,317A YISHUN AVE 9,761317,1.43450592896688,103.843292004282,2025-09-10
215313,2025-09,YISHUN,4 ROOM,225,YISHUN ST 21,01 TO 03,93.0,New Generation,1985,59 years 04 months,500000.0,225 YISHUN ST 21,760225,1.43483127003663,103.835814475757,2025-09-10
215369,2025-09,YISHUN,4 ROOM,334B,YISHUN ST 31,13 TO 15,92.0,Model A,2015,89 years 02 months,638000.0,334B YISHUN ST 31,762334,1.43253702015663,103.845643034703,2025-09-10
215418,2025-09,YISHUN,4 ROOM,478B,YISHUN ST 44,04 TO 06,93.0,Model A,2021,94 years 04 months,618888.0,478B YISHUN ST 44,762478,1.42934496026772,103.851652296544,2025-09-10
215666,2025-09,YISHUN,5 ROOM,242,YISHUN RING RD,01 TO 03,134.0,Model A,1986,59 years 05 months,685000.0,242 YISHUN RING RD,760242,1.43270791512175,103.840052416236,2025-09-10
197170,2025-09,ANG MO KIO,3 ROOM,445,ANG MO KIO AVE 10,04 TO 06,67.0,New Generation,1979,53 years,390000.0,445 ANG MO KIO AVE 10,560445,1.36698004515058,103.85571808973,2025-09-11
197362,2025-09,ANG MO KIO,3 ROOM,611,ANG MO KIO AVE 5,10 TO 12,82.0,New Generation,1980,53 years 10 months,428000.0,611 ANG MO KIO AVE 5,560611,1.37829205175133,103.83725190016,2025-09-11
197704,2025-09,ANG MO KIO,5 ROOM,455B,ANG MO KIO ST 44,28 TO 30,113.0,Improved,2018,91 years 07 months,1270000.0,455B ANG MO KIO ST 44,562455,1.36833017912554,103.858495667837,2025-09-11
198687,2025-09,BISHAN,4 ROOM,150,BISHAN ST 11,01 TO 03,84.0,Simplified,1989,62 years 05 months,648000.0,150 BISHAN ST 11,570150,1.34452706951365,103.855213610381,2025-09-11
198763,2025-09,BISHAN,4 ROOM,250,BISHAN ST 22,04 TO 06,105.0,Model A,1992,65 years 11 months,750000.0,250 BISHAN ST 22,570250,1.36161482106062,103.843937147665,2025-09-11
199007,2025-09,BUKIT BATOK,3 ROOM,260,BT BATOK EAST AVE 4,07 TO 09,73.0,Model A,1985,58 years 09 months,415000.0,260 BT BATOK EAST AVE 4,650260,1.35091259231107,103.759021061327,2025-09-11
199008,2025-09,BUKIT BATOK,3 ROOM,260,BT BATOK EAST AVE 4,10 TO 12,73.0,Model A,1985,58 years 09 months,465000.0,260 BT BATOK EAST AVE 4,650260,1.35091259231107,103.759021061327,2025-09-11
199032,2025-09,BUKIT BATOK,3 ROOM,244,BT BATOK EAST AVE 5,04 TO 06,67.0,New Generation,1985,59 years 01 month,398000.0,244 BT BATOK EAST AVE 5,650244,1.34918269764742,103.757239164878,2025-09-11
199361,2025-09,BUKIT BATOK,4 ROOM,311,BT BATOK ST 32,04 TO 06,84.0,Simplified,1988,61 years 04 months,470000.0,311 BT BATOK ST 32,650311,1.36008251500719,103.748341653201,2025-09-11
199605,2025-09,BUKIT BATOK,4 ROOM,461A,BT BATOK WEST AVE 8,16 TO 18,93.0,Model A,2019,93 years,695000.0,461A BT BATOK WEST AVE 8,651461,1.35492017502696,103.739973160067,2025-09-11
199636,2025-09,BUKIT BATOK,4 ROOM,449A,BT BATOK WEST AVE 9,07 TO 09,93.0,Model A,2019,92 years 07 months,682888.0,449A BT BATOK WEST AVE 9,651449,1.35234861922854,103.74151018118,2025-09-11
199637,2025-09,BUKIT BATOK,4 ROOM,460C,BT BATOK WEST AVE 9,04 TO 06,93.0,Model A,2020,93 years 09 months,645000.0,460C BT BATOK WEST AVE 9,653460,1.35332661921436,103.739335851293,2025-09-11
199788,2025-09,BUKIT BATOK,5 ROOM,101,BT BATOK WEST AVE 6,10 TO 12,150.0,Model A,1985,58 years 10 months,810000.0,101 BT BATOK WEST AVE 6,650101,1.34670636093149,103.746920663038,2025-09-11
200044,2025-09,BUKIT MERAH,3 ROOM,142,JLN BT MERAH,07 TO 09,67.0,New Generation,1979,52 years 04 months,430888.0,142 JLN BT MERAH,160142,1.27700823497374,103.828056201882,2025-09-11
200547,2025-09,BUKIT MERAH,5 ROOM,23,JLN MEMBINA,13 TO 15,110.0,Improved,2003,76 years 11 months,1188000.0,23 JLN MEMBINA,163023,1.28474832742359,103.82687567732,2025-09-11
201139,2025-09,BUKIT PANJANG,5 ROOM,603,SENJA RD,16 TO 18,121.0,Improved,1999,72 years 10 months,878000.0,603 SENJA RD,670603,1.38153645835758,103.762138791815,2025-09-11
201192,2025-09,BUKIT PANJANG,EXECUTIVE,138,PETIR RD,01 TO 03,146.0,Maisonette,1989,62 years 07 months,865000.0,138 PETIR RD,670138,1.37457035529603,103.769825791429,2025-09-11
201343,2025-09,CENTRAL AREA,4 ROOM,1C,CANTONMENT RD,22 TO 24,93.0,Type S1,2011,84 years 04 months,1370000.0,1C CANTONMENT RD,85301,1.27744909387079,103.841666679651,2025-09-11
201371,2025-09,CHOA CHU KANG,2 ROOM,807A,CHOA CHU KANG AVE 1,10 TO 12,47.0,Model A,2017,90 years 08 months,360000.0,807A CHOA CHU KANG AVE 1,681807,1.37580545998649,103.744793478077,2025-09-11
201575,2025-09,CHOA CHU KANG,4 ROOM,484A,CHOA CHU KANG AVE 5,16 TO 18,90.0,Model A2,1999,72 years 07 months,515000.0,484A CHOA CHU KANG AVE 5,681484,1.37668464228405,103.736817870853,2025-09-11
201641,2025-09,CHOA CHU KANG,4 ROOM,690A,CHOA CHU KANG CRES,01 TO 03,90.0,Model A,2003,76 years 09 months,508000.0,690A CHOA CHU KANG CRES,681690,1.40277627634375,103.751539941559,2025-09-11
202124,2025-09,CHOA CHU KANG,EXECUTIVE,637,CHOA CHU KANG NTH 6,13 TO 15,143.0,Premium Maisonette,1998,71 years 05 months,858000.0,637 CHOA CHU KANG NTH 6,680637,1.3973795253429,103.748139020342,2025-09-11
202150,2025-09,CHOA CHU KANG,EXECUTIVE,133,TECK WHYE LANE,04 TO 06,144.0,Apartment,1993,66 years 09 months,815000.0,133 TECK WHYE LANE,680133,1.38074415084014,103.751221118009,2025-09-11
202325,2025-09,CLEMENTI,3 ROOM,730,CLEMENTI WEST ST 2,10 TO 12,68.0,New Generation,1980,53 years 11 months,408000.0,730 CLEMENTI WEST ST 2,120730,1.304777153125,103.763121970707,2025-09-11
202737,2025-09,GEYLANG,3 ROOM,16,EUNOS CRES,04 TO 06,70.0,Improved,1977,50 years 08 months,390000.0,16 EUNOS CRES,400016,1.32299431214867,103.904449779612,2025-09-11
202860,2025-09,GEYLANG,4 ROOM,17A,CIRCUIT RD,13 TO 15,93.0,Model A,2016,90 years 03 months,1012888.0,17A CIRCUIT RD,371017,1.32989202076676,103.888112904804,2025-09-11
202861,2025-09,GEYLANG,4 ROOM,17A,CIRCUIT RD,16 TO 18,93.0,Model A,2016,90 years 03 months,1008000.0,17A CIRCUIT RD,371017,1.32989202076676,103.888112904804,2025-09-11
202970,2025-09,GEYLANG,5 ROOM,105,ALJUNIED CRES,07 TO 09,121.0,Improved,1979,52 years 04 months,770000.0,105 ALJUNIED CRES,380105,1.31946862097465,103.882751492944,2025-09-11
202971,2025-09,GEYLANG,5 ROOM,28,BALAM RD,13 TO 15,127.0,Improved,1997,70 years 10 months,985000.0,28 BALAM RD,370028,1.33048096275076,103.886579205764,2025-09-11
203143,2025-09,HOUGANG,3 ROOM,116,HOUGANG AVE 1,10 TO 12,82.0,New Generation,1981,55 years 01 month,482000.0,116 HOUGANG AVE 1,530116,1.35313871987326,103.887727360873,2025-09-11
203232,2025-09,HOUGANG,3 ROOM,308,HOUGANG AVE 5,10 TO 12,67.0,New Generation,1983,57 years 02 months,450000.0,308 HOUGANG AVE 5,530308,1.36680910838232,103.895756047165,2025-09-11
203386,2025-09,HOUGANG,4 ROOM,997C,BUANGKOK CRES,13 TO 15,93.0,Model A,2018,92 years 02 months,658000.0,997C BUANGKOK CRES,534997,1.38553018206225,103.881587879925,2025-09-11
203524,2025-09,HOUGANG,4 ROOM,22,HOUGANG AVE 3,07 TO 09,98.0,New Generation,1978,51 years 09 months,485000.0,22 HOUGANG AVE 3,530022,1.36428542444529,103.89046790222,2025-09-11
203632,2025-09,HOUGANG,4 ROOM,445,HOUGANG AVE 8,01 TO 03,105.0,Model A,1990,63 years 07 months,610000.0,445 HOUGANG AVE 8,530445,1.3791181914496,103.894290896452,2025-09-11
203633,2025-09,HOUGANG,4 ROOM,503,HOUGANG AVE 8,07 TO 09,103.0,Model A,1987,60 years 09 months,670000.0,503 HOUGANG AVE 8,530503,1.37348259766875,103.887463506477,2025-09-11
203733,2025-09,HOUGANG,4 ROOM,137,LOR AH SOO,01 TO 03,104.0,Model A,1985,58 years 07 months,580000.0,137 LOR AH SOO,530137,1.34905321621757,103.88664017294,2025-09-11
203893,2025-09,HOUGANG,5 ROOM,233,HOUGANG ST 21,01 TO 03,139.0,Model A-Maisonette,1984,57 years 07 months,1000000.0,233 HOUGANG ST 21,530233,1.35782945982904,103.888000813967,2025-09-11
203925,2025-09,HOUGANG,5 ROOM,913,HOUGANG ST 91,13 TO 15,121.0,Improved,1997,71 years 03 months,810000.0,913 HOUGANG ST 91,530913,1.37806574390647,103.884040659173,2025-09-11
204138,2025-09,JURONG EAST,3 ROOM,415,PANDAN GDNS,04 TO 06,74.0,Improved,1982,55 years 07 months,370000.0,415 PANDAN GDNS,600415,1.32076543342048,103.748258626828,2025-09-11
204312,2025-09,JURONG EAST,5 ROOM,258,JURONG EAST ST 24,04 TO 06,121.0,Improved,1983,56 years 06 months,645000.0,258 JURONG EAST ST 24,600258,1.34378634902456,103.738635757888,2025-09-11
204536,2025-09,JURONG WEST,3 ROOM,114,HO CHING RD,04 TO 06,76.0,Improved,1971,44 years 08 months,345000.0,114 HO CHING RD,610114,1.33378944321337,103.72411125115,2025-09-11
204695,2025-09,JURONG WEST,4 ROOM,183B,BOON LAY AVE,13 TO 15,92.0,Model A,2015,88 years 05 months,608888.0,183B BOON LAY AVE,642183,1.34832613059279,103.709690144917,2025-09-11
205075,2025-09,JURONG WEST,4 ROOM,976,JURONG WEST ST 93,01 TO 03,104.0,Model A,1989,62 years 07 months,487000.0,976 JURONG WEST ST 93,640976,1.34000730508584,103.693804703262,2025-09-11
205173,2025-09,JURONG WEST,5 ROOM,426,JURONG WEST AVE 1,04 TO 06,133.0,Model A,1985,58 years 08 months,620000.0,426 JURONG WEST AVE 1,640426,1.35159139427911,103.72464010393,2025-09-11
205237,2025-09,JURONG WEST,5 ROOM,416,JURONG WEST ST 42,10 TO 12,133.0,Model A,1984,58 years,638000.0,416 JURONG WEST ST 42,640416,1.35242591430816,103.725924618185,2025-09-11
205320,2025-09,JURONG WEST,5 ROOM,662D,JURONG WEST ST 64,07 TO 09,110.0,Improved,2001,75 years 01 month,718888.0,662D JURONG WEST ST 64,644662,1.33697838675185,103.704279354428,2025-09-11
205712,2025-09,KALLANG/WHAMPOA,3 ROOM,33,JLN BAHAGIA,04 TO 06,56.0,Standard,1970,43 years 10 months,320000.0,33 JLN BAHAGIA,320033,1.32661209766562,103.858436241745,2025-09-11
206278,2025-09,MARINE PARADE,4 ROOM,75,MARINE DR,07 TO 09,82.0,Improved,1976,49 years 09 months,688000.0,75 MARINE DR,440075,1.30337032890276,103.907439956881,2025-09-11
206316,2025-09,MARINE PARADE,5 ROOM,1,MARINE TER,10 TO 12,122.0,Standard,1975,48 years 05 months,1000000.0,1 MARINE TER,440001,1.30482902187779,103.918614976369,2025-09-11
206486,2025-09,PASIR RIS,4 ROOM,526D,PASIR RIS ST 51,07 TO 09,93.0,Model A,2015,88 years 10 months,758000.0,526D PASIR RIS ST 51,514526,1.36866830502329,103.947274003279,2025-09-11
206526,2025-09,PASIR RIS,5 ROOM,611,ELIAS RD,10 TO 12,135.0,Model A,1995,68 years 11 months,875000.0,611 ELIAS RD,510611,1.37505768778741,103.942533878557,2025-09-11
206820,2025-09,PUNGGOL,2 ROOM,256B,SUMANG WALK,07 TO 09,47.0,Model A,2016,90 years 03 months,400000.0,256B SUMANG WALK,822256,1.40604907945801,103.896179521001,2025-09-11
206859,2025-09,PUNGGOL,3 ROOM,622C,PUNGGOL CTRL,04 TO 06,69.0,Model A,2014,87 years 08 months,553000.0,622C PUNGGOL CTRL,823622,1.4006620149821,103.910914385755,2025-09-11
207378,2025-09,PUNGGOL,4 ROOM,288A,PUNGGOL PL,10 TO 12,99.0,Premium Apartment,2013,86 years 06 months,775000.0,288A PUNGGOL PL,821288,1.40237799447767,103.903039523309,2025-09-11
207678,2025-09,PUNGGOL,5 ROOM,646,PUNGGOL CTRL,04 TO 06,110.0,Premium Apartment,2005,78 years 05 months,688000.0,646 PUNGGOL CTRL,820646,1.398148804861,103.915780890415,2025-09-11
207822,2025-09,PUNGGOL,5 ROOM,310A,PUNGGOL WALK,04 TO 06,112.0,Premium Apartment,2016,89 years 09 months,850000.0,310A PUNGGOL WALK,821310,1.40870088870466,103.901326604714,2025-09-11
207891,2025-09,PUNGGOL,5 ROOM,323B,SUMANG WALK,19 TO 21,113.0,Premium Apartment,2020,93 years 05 months,910000.0,323B SUMANG WALK,822323,1.41205710574285,103.897761563713,2025-09-11
207983,2025-09,QUEENSTOWN,3 ROOM,79,DAWSON RD,16 TO 18,62.0,Model A,2020,94 years 02 months,750000.0,79 DAWSON RD,141079,1.29459083160081,103.810326636243,2025-09-11
208230,2025-09,QUEENSTOWN,4 ROOM,30,GHIM MOH LINK,25 TO 27,93.0,Model A,2018,91 years 09 months,1068000.0,30 GHIM MOH LINK,272030,1.30881985260159,103.7838389718,2025-09-11
208231,2025-09,QUEENSTOWN,4 ROOM,33,GHIM MOH LINK,25 TO 27,93.0,Model A,2018,91 years 09 months,1190000.0,33 GHIM MOH LINK,270033,1.30977118024449,103.784714017294,2025-09-11
208299,2025-09,QUEENSTOWN,4 ROOM,48,STRATHMORE AVE,13 TO 15,90.0,Model A,2006,80 years 03 months,960000.0,48 STRATHMORE AVE,140048,1.29380260290314,103.807789228113,2025-09-11
209229,2025-09,SEMBAWANG,5 ROOM,466A,SEMBAWANG DR,13 TO 15,110.0,Premium Apartment,2006,79 years 05 months,610666.0,466A SEMBAWANG DR,751466,1.45520101606352,103.813588642102,2025-09-11
209246,2025-09,SEMBAWANG,5 ROOM,507A,WELLINGTON CIRCLE,07 TO 09,111.0,Improved,2001,75 years 04 months,636000.0,507A WELLINGTON CIRCLE,751507,1.4527308013707,103.823966895951,2025-09-11
209735,2025-09,SENGKANG,4 ROOM,212A,COMPASSVALE DR,10 TO 12,95.0,Premium Apartment,2012,86 years 02 months,675000.0,212A COMPASSVALE DR,541212,1.38639821816065,103.899960023429,2025-09-11
209992,2025-09,SENGKANG,4 ROOM,472C,FERNVALE ST,01 TO 03,93.0,Model A,2016,90 years 01 month,610000.0,472C FERNVALE ST,793472,1.39631552198212,103.881167314758,2025-09-11
210084,2025-09,SENGKANG,4 ROOM,116A,RIVERVALE DR,04 TO 06,95.0,Model A,2000,73 years 11 months,570000.0,116A RIVERVALE DR,541116,1.38246038039285,103.902238681998,2025-09-11
210229,2025-09,SENGKANG,4 ROOM,452A,SENGKANG WEST WAY,07 TO 09,92.0,Model A,2015,88 years 09 months,630000.0,452A SENGKANG WEST WAY,791452,1.39354732029357,103.874486020747,2025-09-11
210396,2025-09,SENGKANG,5 ROOM,204C,COMPASSVALE DR,10 TO 12,110.0,Improved,2001,74 years 04 months,750000.0,204C COMPASSVALE DR,543204,1.3875661962064,103.894821076791,2025-09-11
210397,2025-09,SENGKANG,5 ROOM,212B,COMPASSVALE DR,07 TO 09,115.0,Premium Apartment,2012,86 years 02 months,810000.0,212B COMPASSVALE DR,542212,1.38618514540465,103.900551157406,2025-09-11
210510,2025-09,SENGKANG,5 ROOM,416A,FERNVALE LINK,16 TO 18,113.0,Improved,2016,89 years 04 months,808000.0,416A FERNVALE LINK,791416,1.3906119627657,103.879963560438,2025-09-11
210568,2025-09,SENGKANG,5 ROOM,142,RIVERVALE CRES,07 TO 09,116.0,Improved,1999,73 years 02 months,643888.0,142 RIVERVALE CRES,540142,1.39045415383481,103.905102917752,2025-09-11
210569,2025-09,SENGKANG,5 ROOM,184B,RIVERVALE CRES,10 TO 12,110.0,Improved,2003,76 years 09 months,645000.0,184B RIVERVALE CRES,542184,1.39248357533523,103.907225369474,2025-09-11
210973,2025-09,SERANGOON,4 ROOM,528,SERANGOON NTH AVE 4,04 TO 06,104.0,Model A,1992,66 years 02 months,640000.0,528 SERANGOON NTH AVE 4,550528,1.371418523926,103.872179843498,2025-09-11
211350,2025-09,TAMPINES,3 ROOM,877,TAMPINES ST 84,04 TO 06,74.0,Model A,1988,61 years 11 months,508000.0,877 TAMPINES ST 84,520877,1.35251739922331,103.931546706451,2025-09-11
211359,2025-09,TAMPINES,3 ROOM,929,TAMPINES ST 91,07 TO 09,73.0,Model A,1984,58 years,488000.0,929 TAMPINES ST 91,520929,1.34639172413315,103.93961398508,2025-09-11
211515,2025-09,TAMPINES,4 ROOM,601C,TAMPINES AVE 9,16 TO 18,92.0,Model A,2020,93 years 06 months,790000.0,601C TAMPINES AVE 9,523601,1.36137360614437,103.937271692223,2025-09-11
211834,2025-09,TAMPINES,4 ROOM,424,TAMPINES ST 41,04 TO 06,105.0,Model A,1985,58 years 07 months,640000.0,424 TAMPINES ST 41,520424,1.3574700321204,103.948217690385,2025-09-11
211843,2025-09,TAMPINES,4 ROOM,456,TAMPINES ST 42,10 TO 12,84.0,Simplified,1987,61 years 03 months,586888.0,456 TAMPINES ST 42,520456,1.35764861818949,103.954539467919,2025-09-11
212065,2025-09,TAMPINES,5 ROOM,131,SIMEI ST 1,01 TO 03,128.0,Improved,1988,62 years,722000.0,131 SIMEI ST 1,520131,1.34549483450733,103.953960305385,2025-09-11
212464,2025-09,TAMPINES,EXECUTIVE,327,TAMPINES ST 32,04 TO 06,147.0,Apartment,1995,69 years 04 months,958000.0,327 TAMPINES ST 32,520327,1.35244718454516,103.958287602194,2025-09-11
212833,2025-09,TOA PAYOH,3 ROOM,23,TOA PAYOH EAST,04 TO 06,67.0,Improved,1970,44 years,375000.0,23 TOA PAYOH EAST,310023,1.33455570085904,103.857191175608,2025-09-11
213480,2025-09,WOODLANDS,3 ROOM,314,WOODLANDS ST 31,10 TO 12,73.0,Model A,1993,67 years 01 month,468888.0,314 WOODLANDS ST 31,730314,1.43119072372737,103.776074114475,2025-09-11
213762,2025-09,WOODLANDS,4 ROOM,605,WOODLANDS DR 42,07 TO 09,101.0,Model A2,1997,70 years 09 months,598000.0,605 WOODLANDS DR 42,730605,1.43718559497069,103.797090396025,2025-09-11
213805,2025-09,WOODLANDS,4 ROOM,894B,WOODLANDS DR 50,07 TO 09,100.0,Model A,1996,70 years 01 month,618000.0,894B WOODLANDS DR 50,731894,1.43600943919705,103.789507492911,2025-09-11
213806,2025-09,WOODLANDS,4 ROOM,897A,WOODLANDS DR 50,10 TO 12,97.0,Model A,1997,71 years,602000.0,897A WOODLANDS DR 50,730897,1.43649098814063,103.793972071847,2025-09-11
213921,2025-09,WOODLANDS,4 ROOM,690B,WOODLANDS DR 75,07 TO 09,90.0,Premium Apartment,2004,77 years 04 months,532000.0,690B WOODLANDS DR 75,732690,1.44329551571584,103.808168157956,2025-09-11
213958,2025-09,WOODLANDS,4 ROOM,639,WOODLANDS RING RD,01 TO 03,102.0,Model A,1999,72 years 10 months,568000.0,639 WOODLANDS RING RD,730639,1.43763312098352,103.803232348897,2025-09-11
213959,2025-09,WOODLANDS,4 ROOM,665,WOODLANDS RING RD,01 TO 03,85.0,Model A2,2000,74 years 02 months,523000.0,665 WOODLANDS RING RD,730665,1.43801280829028,103.797671900886,2025-09-11
214130,2025-09,WOODLANDS,5 ROOM,572A,WOODLANDS AVE 1,07 TO 09,112.0,Improved,2013,87 years 02 months,742888.0,572A WOODLANDS AVE 1,731572,1.43086687491645,103.78955465026,2025-09-11
214163,2025-09,WOODLANDS,5 ROOM,719,WOODLANDS AVE 6,10 TO 12,120.0,Improved,1997,70 years 08 months,707000.0,719 WOODLANDS AVE 6,730719,1.44192155949726,103.800135496516,2025-09-11
214244,2025-09,WOODLANDS,5 ROOM,521,WOODLANDS DR 14,07 TO 09,126.0,Premium Apartment,2000,73 years 10 months,680000.0,521 WOODLANDS DR 14,730521,1.43371600015319,103.793326209161,2025-09-11
214315,2025-09,WOODLANDS,5 ROOM,891B,WOODLANDS DR 50,04 TO 06,121.0,Improved,1996,70 years 01 month,725000.0,891B WOODLANDS DR 50,731891,1.43791227793029,103.79053981455,2025-09-11
215401,2025-09,YISHUN,4 ROOM,363,YISHUN RING RD,04 TO 06,105.0,Model A,1988,62 years 03 months,540000.0,363 YISHUN RING RD,760363,1.42890496692964,103.845206071037,2025-09-11
215402,2025-09,YISHUN,4 ROOM,367,YISHUN RING RD,01 TO 03,108.0,Model A,1988,62 years,530000.0,367 YISHUN RING RD,760367,1.42959194827855,103.845121454277,2025-09-11
215641,2025-09,YISHUN,4 ROOM,759,YISHUN ST 72,07 TO 09,84.0,Simplified,1985,59 years,510000.0,759 YISHUN ST 72,760759,1.42624600707611,103.833233454885,2025-09-11
197437,2025-09,ANG MO KIO,4 ROOM,337,ANG MO KIO AVE 1,01 TO 03,91.0,New Generation,1982,55 years 05 months,530000.0,337 ANG MO KIO AVE 1,560337,1.36319555672393,103.851616001112,2025-09-12
198016,2025-09,BEDOK,3 ROOM,144,BEDOK RESERVOIR RD,04 TO 06,64.0,Simplified,1987,60 years 06 months,475000.0,144 BEDOK RESERVOIR RD,470144,1.33486976872987,103.912526824975,2025-09-12
198266,2025-09,BEDOK,4 ROOM,187A,BEDOK NTH ST 4,13 TO 15,93.0,Model A,2018,92 years 04 months,880000.0,187A BEDOK NTH ST 4,461187,1.33087094745916,103.940210775064,2025-09-12
198755,2025-09,BISHAN,4 ROOM,236,BISHAN ST 22,01 TO 03,109.0,Model A,1992,65 years 08 months,800000.0,236 BISHAN ST 22,570236,1.35900490923943,103.847006575058,2025-09-12
198787,2025-09,BISHAN,4 ROOM,268,BISHAN ST 24,04 TO 06,112.0,Model A,1992,65 years 11 months,800000.0,268 BISHAN ST 24,570268,1.35761490834313,103.842145079114,2025-09-12
199082,2025-09,BUKIT BATOK,3 ROOM,321,BT BATOK ST 33,10 TO 12,68.0,New Generation,1986,59 years 07 months,432000.0,321 BT BATOK ST 33,650321,1.36131699323376,103.747741215309,2025-09-12
199223,2025-09,BUKIT BATOK,4 ROOM,228,BT BATOK CTRL,04 TO 06,93.0,New Generation,1985,58 years 08 months,540000.0,228 BT BATOK CTRL,650228,1.34865945802076,103.753794578776,2025-09-12
199850,2025-09,BUKIT BATOK,EXECUTIVE,627,BT BATOK CTRL,13 TO 15,144.0,Apartment,1997,71 years,1018888.0,627 BT BATOK CTRL,650627,1.35184612661323,103.749350048656,2025-09-12
199867,2025-09,BUKIT BATOK,EXECUTIVE,218,BT BATOK ST 21,01 TO 03,149.0,Maisonette,1985,58 years 08 months,790000.0,218 BT BATOK ST 21,650218,1.34729576455327,103.754196011432,2025-09-12
200045,2025-09,BUKIT MERAH,3 ROOM,28,JLN BT MERAH,10 TO 12,60.0,Standard,1967,40 years 09 months,350000.0,28 JLN BT MERAH,152028,1.28640350234512,103.809741989834,2025-09-12
200227,2025-09,BUKIT MERAH,4 ROOM,110,BT PURMEI RD,04 TO 06,104.0,Model A,1984,58 years,698888.0,110 BT PURMEI RD,90110,1.27380415706758,103.827057699596,2025-09-12
200246,2025-09,BUKIT MERAH,4 ROOM,11,CANTONMENT CL,10 TO 12,90.0,Model A,2002,76 years 03 months,1088000.0,11 CANTONMENT CL,80011,1.27442604746069,103.839671514269,2025-09-12
200658,2025-09,BUKIT PANJANG,3 ROOM,127,PENDING RD,04 TO 06,64.0,Simplified,1988,61 years 09 months,420000.0,127 PENDING RD,670127,1.37649164252574,103.769282744014,2025-09-12
200738,2025-09,BUKIT PANJANG,4 ROOM,236,BT PANJANG RING RD,01 TO 03,84.0,Simplified,1988,61 years 06 months,467000.0,236 BT PANJANG RING RD,670236,1.37902490874965,103.771215066012,2025-09-12
200804,2025-09,BUKIT PANJANG,4 ROOM,185,JELEBU RD,07 TO 09,94.0,Premium Apartment,2003,76 years 09 months,868000.0,185 JELEBU RD,670185,1.37935525582195,103.762296482155,2025-09-12
201026,2025-09,BUKIT PANJANG,5 ROOM,443C,FAJAR RD,13 TO 15,113.0,Improved,2016,90 years 03 months,785000.0,443C FAJAR RD,673443,1.38057053056182,103.76973269177,2025-09-12
201117,2025-09,BUKIT PANJANG,5 ROOM,549B,SEGAR RD,16 TO 18,113.0,Improved,2015,89 years 03 months,763888.0,549B SEGAR RD,672549,1.38973728584298,103.767840228613,2025-09-12
201219,2025-09,BUKIT TIMAH,3 ROOM,4,QUEEN'S RD,10 TO 12,63.0,Improved,1974,47 years 07 months,488000.0,4 QUEEN'S RD,260004,1.31883225284458,103.808061967625,2025-09-12
201225,2025-09,BUKIT TIMAH,4 ROOM,2,QUEEN'S RD,07 TO 09,89.0,Improved,1974,47 years 07 months,660000.0,2 QUEEN'S RD,266733,1.32280086346268,103.811023492628,2025-09-12
201655,2025-09,CHOA CHU KANG,4 ROOM,692B,CHOA CHU KANG CRES,16 TO 18,91.0,Model A,2003,76 years 05 months,530000.0,692B CHOA CHU KANG CRES,682692,1.40067815960728,103.751377169268,2025-09-12
202397,2025-09,CLEMENTI,4 ROOM,364,CLEMENTI AVE 2,04 TO 06,90.0,New Generation,1978,51 years 04 months,646000.0,364 CLEMENTI AVE 2,120364,1.31240641918888,103.768752275192,2025-09-12
202515,2025-09,CLEMENTI,4 ROOM,511,WEST COAST DR,10 TO 12,91.0,New Generation,1978,51 years 05 months,515000.0,511 WEST COAST DR,120511,1.31032016677093,103.760411562158,2025-09-12
202985,2025-09,GEYLANG,4 ROOM,344,UBI AVE 1,01 TO 03,84.0,Simplified,1985,59 years,545000.0,344 UBI AVE 1,400344,1.32635938429734,103.899753061623,2025-09-12
203420,2025-09,HOUGANG,4 ROOM,987A,BUANGKOK GREEN,16 TO 18,93.0,Model A,2015,88 years 05 months,678888.0,987A BUANGKOK GREEN,531987,1.37988778365709,103.878384864309,2025-09-12
203804,2025-09,HOUGANG,4 ROOM,476C,UPP SERANGOON VIEW,13 TO 15,95.0,Premium Apartment,2016,89 years 06 months,802000.0,476C UPP SERANGOON VIEW,533476,1.37794957092138,103.904346035596,2025-09-12
203952,2025-09,HOUGANG,5 ROOM,938,HOUGANG ST 92,04 TO 06,122.0,Improved,1998,71 years 05 months,770000.0,938 HOUGANG ST 92,530938,1.3742877202562,103.879678550369,2025-09-12
204016,2025-09,HOUGANG,EXECUTIVE,960,HOUGANG AVE 9,04 TO 06,137.0,Apartment,1999,72 years 11 months,850000.0,960 HOUGANG AVE 9,530960,1.37710251650139,103.878482665421,2025-09-12
204193,2025-09,JURONG EAST,3 ROOM,20,TEBAN GDNS RD,07 TO 09,72.0,Model A,2013,87 years,480000.0,20 TEBAN GDNS RD,600020,1.32378355041705,103.7385183842,2025-09-12
204231,2025-09,JURONG EAST,4 ROOM,244,JURONG EAST ST 24,10 TO 12,99.0,New Generation,1983,56 years 07 months,556888.0,244 JURONG EAST ST 24,600244,1.34263187196449,103.742133807093,2025-09-12
204985,2025-09,JURONG WEST,4 ROOM,621,JURONG WEST ST 65,10 TO 12,90.0,Model A2,2000,74 years 02 months,560000.0,621 JURONG WEST ST 65,640621,1.34094640873732,103.699525431571,2025-09-12
205132,2025-09,JURONG WEST,4 ROOM,337A,TAH CHING RD,07 TO 09,94.0,Model A,2010,83 years 07 months,618888.0,337A TAH CHING RD,611337,1.33769966406232,103.722790261602,2025-09-12
205181,2025-09,JURONG WEST,5 ROOM,218B,BOON LAY AVE,07 TO 09,114.0,Improved,2018,91 years 10 months,805000.0,218B BOON LAY AVE,642218,1.35032707359938,103.710888928549,2025-09-12
205399,2025-09,JURONG WEST,5 ROOM,633,JURONG WEST ST 65,13 TO 15,110.0,Improved,2001,75 years 02 months,661000.0,633 JURONG WEST ST 65,640633,1.34326081308615,103.69933430697,2025-09-12
205400,2025-09,JURONG WEST,5 ROOM,663A,JURONG WEST ST 65,16 TO 18,110.0,Improved,2000,73 years 10 months,718888.0,663A JURONG WEST ST 65,641663,1.33853145939344,103.701545131576,2025-09-12
205772,2025-09,KALLANG/WHAMPOA,3 ROOM,116B,JLN TENTERAM,04 TO 06,67.0,Model A,2017,91 years 02 months,625000.0,116B JLN TENTERAM,322116,1.32754908001444,103.860807411661,2025-09-12
205951,2025-09,KALLANG/WHAMPOA,4 ROOM,9,GLOUCESTER RD,07 TO 09,92.0,New Generation,1976,50 years 02 months,680000.0,9 GLOUCESTER RD,210009,1.3135861663611,103.85169992386,2025-09-12
205995,2025-09,KALLANG/WHAMPOA,4 ROOM,19,JLN TENTERAM,10 TO 12,85.0,Model A,2004,77 years 10 months,689000.0,19 JLN TENTERAM,321019,1.32760704104366,103.859860478714,2025-09-12
206044,2025-09,KALLANG/WHAMPOA,4 ROOM,108B,MCNAIR RD,25 TO 27,90.0,Model A,2004,78 years 03 months,960000.0,108B MCNAIR RD,323108,1.31998124429925,103.859005144914,2025-09-12
206081,2025-09,KALLANG/WHAMPOA,4 ROOM,26B,ST. GEORGE'S LANE,04 TO 06,92.0,Model A,2020,93 years 08 months,975000.0,26B ST. GEORGE'S LANE,322026,1.32166862124903,103.862717909816,2025-09-12
206646,2025-09,PASIR RIS,5 ROOM,273,PASIR RIS ST 21,01 TO 03,126.0,Improved,1994,67 years 07 months,710000.0,273 PASIR RIS ST 21,510273,1.36484627527981,103.964113174726,2025-09-12
206737,2025-09,PASIR RIS,EXECUTIVE,413,PASIR RIS DR 6,01 TO 03,146.0,Maisonette,1989,63 years 02 months,959000.0,413 PASIR RIS DR 6,510413,1.37268850051357,103.955507049257,2025-09-12
206779,2025-09,PASIR RIS,EXECUTIVE,218,PASIR RIS ST 21,04 TO 06,149.0,Apartment,1993,66 years 10 months,850000.0,218 PASIR RIS ST 21,510218,1.36942598554209,103.961388925543,2025-09-12
207570,2025-09,PUNGGOL,4 ROOM,226B,SUMANG LANE,13 TO 15,92.0,Premium Apartment,2018,91 years 06 months,680000.0,226B SUMANG LANE,822226,1.40268497999974,103.893608971394,2025-09-12
207667,2025-09,PUNGGOL,5 ROOM,174B,EDGEDALE PLAINS,13 TO 15,112.0,Improved,2003,77 years 03 months,733000.0,174B EDGEDALE PLAINS,822174,1.396731877474,103.910812912681,2025-09-12
207760,2025-09,PUNGGOL,5 ROOM,638A,PUNGGOL DR,04 TO 06,110.0,Premium Apartment,2005,78 years 04 months,645000.0,638A PUNGGOL DR,821638,1.40012395686646,103.914871740477,2025-09-12
207872,2025-09,PUNGGOL,5 ROOM,310C,PUNGGOL WALK,10 TO 12,112.0,Premium Apartment,2016,89 years 10 months,880000.0,310C PUNGGOL WALK,823310,1.40971096118277,103.899898384977,2025-09-12
207974,2025-09,QUEENSTOWN,2 ROOM,83,C'WEALTH CL,10 TO 12,46.0,Standard,1967,40 years 04 months,308000.0,83 C'WEALTH CL,140083,1.30467866112528,103.800423584746,2025-09-12
208091,2025-09,QUEENSTOWN,3 ROOM,2,GHIM MOH RD,01 TO 03,65.0,Improved,1976,49 years 10 months,380000.0,2 GHIM MOH RD,270002,1.31237872986354,103.786971451599,2025-09-12
208092,2025-09,QUEENSTOWN,3 ROOM,19,GHIM MOH RD,04 TO 06,65.0,Improved,1977,50 years 08 months,432000.0,19 GHIM MOH RD,270019,1.31143852315951,103.788298892377,2025-09-12
208126,2025-09,QUEENSTOWN,3 ROOM,11,HOLLAND DR,19 TO 21,65.0,Improved,1975,48 years 05 months,505000.0,11 HOLLAND DR,278859,1.31419089884465,103.782719704956,2025-09-12
208238,2025-09,QUEENSTOWN,4 ROOM,88,DAWSON RD,43 TO 45,83.0,Premium Apartment,2016,89 years 11 months,1100000.0,88 DAWSON RD,142088,1.29579395038247,103.809264765809,2025-09-12
208409,2025-09,QUEENSTOWN,5 ROOM,81,STRATHMORE AVE,04 TO 06,132.0,Model A,1993,66 years 10 months,1200000.0,81 STRATHMORE AVE,141081,1.29462040658733,103.80927727367,2025-09-12
208915,2025-09,SEMBAWANG,4 ROOM,107C,CANBERRA ST,13 TO 15,93.0,Model A,2018,91 years 10 months,688000.0,107C CANBERRA ST,753107,1.44855782306648,103.833864786,2025-09-12
209003,2025-09,SEMBAWANG,4 ROOM,325,SEMBAWANG CRES,07 TO 09,102.0,Model A,1999,72 years 09 months,530000.0,325 SEMBAWANG CRES,750325,1.44450474363115,103.818706030955,2025-09-12
209396,2025-09,SENGKANG,2 ROOM,418A,FERNVALE LINK,19 TO 21,38.0,Model A,2018,91 years 10 months,380000.0,418A FERNVALE LINK,791418,1.39100745746343,103.879606736157,2025-09-12
209589,2025-09,SENGKANG,4 ROOM,334A,ANCHORVALE CRES,07 TO 09,92.0,Premium Apartment,2015,89 years 03 months,720000.0,334A ANCHORVALE CRES,541334,1.39838638603313,103.889425801052,2025-09-12
209900,2025-09,SENGKANG,4 ROOM,203E,COMPASSVALE RD,07 TO 09,90.0,Model A,2000,74 years 04 months,620000.0,203E COMPASSVALE RD,545203,1.38795018771966,103.895779285387,2025-09-12
210209,2025-09,SENGKANG,4 ROOM,282C,SENGKANG EAST AVE,01 TO 03,92.0,Premium Apartment,2015,88 years 11 months,760000.0,282C SENGKANG EAST AVE,543282,1.38509615954884,103.892548305538,2025-09-12
210401,2025-09,SENGKANG,5 ROOM,307A,ANCHORVALE RD,01 TO 03,110.0,Improved,2001,75 years 01 month,620000.0,307A ANCHORVALE RD,541307,1.38939756436216,103.888042664458,2025-09-12
211075,2025-09,SERANGOON,5 ROOM,548,SERANGOON NTH AVE 3,10 TO 12,121.0,Improved,1998,71 years 04 months,800000.0,548 SERANGOON NTH AVE 3,550548,1.37315869844339,103.870675913355,2025-09-12
211620,2025-09,TAMPINES,4 ROOM,519B,TAMPINES CTRL 8,10 TO 12,84.0,DBSS,2014,87 years 09 months,858888.0,519B TAMPINES CTRL 8,522519,1.35743365377488,103.940051716546,2025-09-12
211820,2025-09,TAMPINES,4 ROOM,271,TAMPINES ST 21,07 TO 09,116.0,Model A,1984,58 years 01 month,600000.0,271 TAMPINES ST 21,520271,1.34980832347153,103.949577963482,2025-09-12
211837,2025-09,TAMPINES,4 ROOM,290,TAMPINES ST 22,01 TO 03,97.0,New Generation,1985,59 years,585000.0,290 TAMPINES ST 22,520290,1.34988127726089,103.954596296501,2025-09-12
211951,2025-09,TAMPINES,4 ROOM,497B,TAMPINES ST 45,04 TO 06,109.0,Premium Apartment,1996,69 years 10 months,685000.0,497B TAMPINES ST 45,521497,1.3586829965139,103.958024469204,2025-09-12
211952,2025-09,TAMPINES,4 ROOM,498L,TAMPINES ST 45,07 TO 09,106.0,Premium Apartment,1997,70 years 07 months,665000.0,498L TAMPINES ST 45,528498,1.36240933130332,103.957197483189,2025-09-12
211983,2025-09,TAMPINES,4 ROOM,605A,TAMPINES ST 61,13 TO 15,92.0,Model A,2020,93 years 05 months,818000.0,605A TAMPINES ST 61,521605,1.36240981026353,103.935600500968,2025-09-12
212016,2025-09,TAMPINES,4 ROOM,702,TAMPINES ST 71,07 TO 09,100.0,Model A,1997,70 years 11 months,665000.0,702 TAMPINES ST 71,520702,1.3561725371375,103.937479923002,2025-09-12
212439,2025-09,TAMPINES,5 ROOM,605A,TAMPINES ST 61,07 TO 09,112.0,Improved,2020,93 years 06 months,878000.0,605A TAMPINES ST 61,521605,1.36240981026353,103.935600500968,2025-09-12
212541,2025-09,TAMPINES,EXECUTIVE,334,TAMPINES ST 32,07 TO 09,147.0,Apartment,1996,69 years 04 months,948000.0,334 TAMPINES ST 32,520334,1.35238951465829,103.961041591251,2025-09-12
212742,2025-09,TOA PAYOH,3 ROOM,126,LOR 1 TOA PAYOH,13 TO 15,67.0,Improved,1970,43 years 04 months,390000.0,126 LOR 1 TOA PAYOH,310126,1.33781465652998,103.84513085219,2025-09-12
212824,2025-09,TOA PAYOH,3 ROOM,13,LOR 7 TOA PAYOH,10 TO 12,66.0,Improved,1970,43 years 10 months,373000.0,13 LOR 7 TOA PAYOH,310013,1.33628332874341,103.859026987388,2025-09-12
213384,2025-09,WOODLANDS,2 ROOM,16,MARSILING LANE,10 TO 12,45.0,Improved,1984,58 years 02 months,300000.0,16 MARSILING LANE,730016,1.44229782292057,103.777878520479,2025-09-12
213484,2025-09,WOODLANDS,3 ROOM,693B,WOODLANDS AVE 6,01 TO 03,68.0,Model A,2018,92 years,490000.0,693B WOODLANDS AVE 6,732693,1.43850605916385,103.804250612304,2025-09-12
213785,2025-09,WOODLANDS,4 ROOM,531,WOODLANDS DR 14,01 TO 03,105.0,Premium Apartment,1999,73 years,588888.0,531 WOODLANDS DR 14,730531,1.43092342622429,103.792754026839,2025-09-12
213902,2025-09,WOODLANDS,4 ROOM,624B,WOODLANDS DR 52,01 TO 03,101.0,Model A,1998,72 years 01 month,525000.0,624B WOODLANDS DR 52,732624,1.43477316982474,103.799944828159,2025-09-12
214605,2025-09,WOODLANDS,EXECUTIVE,360,WOODLANDS AVE 5,10 TO 12,146.0,Apartment,1996,70 years 02 months,965000.0,360 WOODLANDS AVE 5,730360,1.43404775162518,103.784501294574,2025-09-12
214619,2025-09,WOODLANDS,EXECUTIVE,536,WOODLANDS DR 14,10 TO 12,145.0,Premium Apartment,1999,72 years 11 months,900000.0,536 WOODLANDS DR 14,730536,1.43144900977713,103.791899146317,2025-09-12
214629,2025-09,WOODLANDS,EXECUTIVE,670,WOODLANDS DR 71,01 TO 03,130.0,Apartment,2000,73 years 10 months,838000.0,670 WOODLANDS DR 71,730670,1.43882635430604,103.799297445551,2025-09-12
214663,2025-09,WOODLANDS,EXECUTIVE,323,WOODLANDS ST 32,13 TO 15,163.0,Apartment,1995,68 years 05 months,1008000.0,323 WOODLANDS ST 32,730323,1.43117274894118,103.77911320353,2025-09-12
214679,2025-09,WOODLANDS,EXECUTIVE,827,WOODLANDS ST 81,07 TO 09,143.0,Maisonette,1996,69 years 11 months,910888.0,827 WOODLANDS ST 81,730827,1.43987157787967,103.789355479613,2025-09-12
214727,2025-09,YISHUN,2 ROOM,675A,YISHUN AVE 4,10 TO 12,47.0,Model A,2018,92 years 03 months,368000.0,675A YISHUN AVE 4,761675,1.4194583236401,103.843091718209,2025-09-12
214847,2025-09,YISHUN,3 ROOM,707,YISHUN AVE 5,07 TO 09,68.0,New Generation,1984,57 years 08 months,448000.0,707 YISHUN AVE 5,760707,1.42893488907136,103.827716191445,2025-09-12
215135,2025-09,YISHUN,4 ROOM,432A,YISHUN AVE 1,10 TO 12,92.0,Model A,2015,89 years,595000.0,432A YISHUN AVE 1,761432,1.41930728950471,103.847043629046,2025-09-12
215291,2025-09,YISHUN,4 ROOM,671B,YISHUN AVE 4,13 TO 15,93.0,Model A,2018,91 years 04 months,660000.0,671B YISHUN AVE 4,762671,1.41878341784758,103.842760847841,2025-09-12
215783,2025-09,YISHUN,5 ROOM,349,YISHUN AVE 11,04 TO 06,121.0,Improved,1988,62 years,630888.0,349 YISHUN AVE 11,760349,1.42613375072405,103.843391520362,2025-09-12
215895,2025-09,YISHUN,5 ROOM,159,YISHUN ST 11,04 TO 06,121.0,Improved,1985,58 years 07 months,630000.0,159 YISHUN ST 11,760159,1.43279272238885,103.834028314438,2025-09-12
215940,2025-09,YISHUN,5 ROOM,505C,YISHUN ST 51,01 TO 03,113.0,Improved,2016,89 years 06 months,695000.0,505C YISHUN ST 51,763505,1.41923754461468,103.844227928881,2025-09-12
197171,2025-09,ANG MO KIO,3 ROOM,465,ANG MO KIO AVE 10,01 TO 03,68.0,New Generation,1980,53 years 05 months,410000.0,465 ANG MO KIO AVE 10,560465,1.3662010408294,103.857200967235,2025-09-15
197521,2025-09,ANG MO KIO,4 ROOM,348,ANG MO KIO AVE 3,07 TO 09,98.0,New Generation,1978,51 years 07 months,675000.0,348 ANG MO KIO AVE 3,560348,1.36619756975262,103.847899914468,2025-09-15
197973,2025-09,BEDOK,3 ROOM,539,BEDOK NTH ST 3,01 TO 03,68.0,New Generation,1980,53 years 04 months,392000.0,539 BEDOK NTH ST 3,460539,1.33131386579703,103.925307290709,2025-09-15
198058,2025-09,BEDOK,3 ROOM,1,BEDOK STH AVE 1,04 TO 06,59.0,Improved,1976,49 years 04 months,382000.0,1 BEDOK STH AVE 1,460001,1.32085208689731,103.933721091441,2025-09-15
198242,2025-09,BEDOK,4 ROOM,706,BEDOK NTH RD,04 TO 06,91.0,New Generation,1980,54 years 02 months,560000.0,706 BEDOK NTH RD,470706,1.33620691149152,103.919016802147,2025-09-15
198360,2025-09,BEDOK,4 ROOM,146,BEDOK RESERVOIR RD,01 TO 03,84.0,Simplified,1986,60 years 03 months,540000.0,146 BEDOK RESERVOIR RD,470146,1.33459969119921,103.912010752027,2025-09-15
198384,2025-09,BEDOK,4 ROOM,765,BEDOK RESERVOIR VIEW,10 TO 12,105.0,Premium Apartment,2000,74 years 03 months,782000.0,765 BEDOK RESERVOIR VIEW,470765,1.33596106828604,103.935990113555,2025-09-15
198446,2025-09,BEDOK,4 ROOM,808C,CHAI CHEE RD,13 TO 15,88.0,Model A,2016,90 years 02 months,820000.0,808C CHAI CHEE RD,463808,1.32789302968468,103.923874941007,2025-09-15
199120,2025-09,BUKIT BATOK,3 ROOM,345,BT BATOK ST 34,04 TO 06,73.0,Model A,1987,60 years 06 months,420000.0,345 BT BATOK ST 34,650345,1.36284881503816,103.750843242288,2025-09-15
199212,2025-09,BUKIT BATOK,3 ROOM,135,BT BATOK WEST AVE 6,04 TO 06,68.0,New Generation,1984,58 years 03 months,418000.0,135 BT BATOK WEST AVE 6,650135,1.35125231918218,103.744795017835,2025-09-15
199661,2025-09,BUKIT BATOK,4 ROOM,448C,BT BATOK WEST AVE 9,16 TO 18,93.0,Model A,2019,92 years 06 months,715000.0,448C BT BATOK WEST AVE 9,653448,1.35272258284343,103.741240002444,2025-09-15
199714,2025-09,BUKIT BATOK,5 ROOM,296A,BT BATOK ST 22,13 TO 15,113.0,Premium Apartment,2018,91 years 06 months,839888.0,296A BT BATOK ST 22,651296,1.34409358218354,103.746409176377,2025-09-15
200007,2025-09,BUKIT MERAH,3 ROOM,6,EVERTON PK,10 TO 12,72.0,New Generation,1980,54 years 02 months,610000.0,6 EVERTON PK,80006,1.27667381111121,103.838789134895,2025-09-15
200021,2025-09,BUKIT MERAH,3 ROOM,55,HAVELOCK RD,13 TO 15,69.0,Model A,2013,86 years 08 months,813600.0,55 HAVELOCK RD,161055,1.29006686277944,103.829245853053,2025-09-15
200150,2025-09,BUKIT MERAH,3 ROOM,22,TELOK BLANGAH CRES,04 TO 06,59.0,Improved,1975,48 years 08 months,380000.0,22 TELOK BLANGAH CRES,90022,1.27655921599768,103.819821916902,2025-09-15
200425,2025-09,BUKIT MERAH,4 ROOM,127C,KIM TIAN RD,31 TO 33,93.0,Model A,2013,86 years 05 months,1038888.0,127C KIM TIAN RD,163127,1.28152280420004,103.830035757166,2025-09-15
200480,2025-09,BUKIT MERAH,4 ROOM,70A,TELOK BLANGAH HTS,07 TO 09,93.0,Model A,2017,90 years 08 months,975000.0,70A TELOK BLANGAH HTS,101070,1.27637530976147,103.81137191061,2025-09-15
200561,2025-09,BUKIT MERAH,5 ROOM,114,DEPOT RD,07 TO 09,117.0,Standard,1976,50 years 02 months,720000.0,114 DEPOT RD,100114,1.28175927117793,103.806862236642,2025-09-15
200837,2025-09,BUKIT PANJANG,4 ROOM,517,JELAPANG RD,07 TO 09,103.0,Model A,1998,72 years 02 months,570000.0,517 JELAPANG RD,670517,1.38803622153251,103.766707751932,2025-09-15
200887,2025-09,BUKIT PANJANG,4 ROOM,203,PETIR RD,07 TO 09,104.0,Model A,1988,62 years 02 months,520000.0,203 PETIR RD,670203,1.37309168822619,103.775565919483,2025-09-15
201021,2025-09,BUKIT PANJANG,4 ROOM,635B,SENJA RD,25 TO 27,93.0,Model A,2015,89 years 01 month,668000.0,635B SENJA RD,672635,1.38660275237577,103.757710467868,2025-09-15
201190,2025-09,BUKIT PANJANG,5 ROOM,625,SENJA RD,16 TO 18,110.0,Premium Apartment,2004,78 years 03 months,670000.0,625 SENJA RD,670625,1.38563406119189,103.760361050815,2025-09-15
201421,2025-09,CENTRAL AREA,5 ROOM,672A,KLANG LANE,13 TO 15,105.0,Improved,2002,75 years 10 months,828000.0,672A KLANG LANE,211672,1.30849052388699,103.852546280742,2025-09-15
201699,2025-09,CHOA CHU KANG,4 ROOM,691A,CHOA CHU KANG CRES,19 TO 21,91.0,Model A,2003,76 years 08 months,552000.0,691A CHOA CHU KANG CRES,681691,1.40115779753494,103.751471709468,2025-09-15
202770,2025-09,GEYLANG,3 ROOM,37,CIRCUIT RD,04 TO 06,59.0,Standard,1972,46 years 03 months,358888.0,37 CIRCUIT RD,370037,1.32817733374331,103.886486362837,2025-09-15
202772,2025-09,GEYLANG,3 ROOM,60,CIRCUIT RD,07 TO 09,56.0,Standard,1969,42 years 04 months,315000.0,60 CIRCUIT RD,370060,1.32555253561538,103.886532776037,2025-09-15
202927,2025-09,GEYLANG,4 ROOM,83A,CIRCUIT RD,10 TO 12,96.0,Model A,2020,93 years 08 months,1085000.0,83A CIRCUIT RD,371083,1.32331350362685,103.88961029001,2025-09-15
202952,2025-09,GEYLANG,4 ROOM,9,EUNOS CRES,04 TO 06,91.0,New Generation,1978,51 years 10 months,620000.0,9 EUNOS CRES,400009,1.32179869884385,103.902774741744,2025-09-15
202953,2025-09,GEYLANG,4 ROOM,10,EUNOS CRES,07 TO 09,91.0,New Generation,1978,51 years 10 months,638000.0,10 EUNOS CRES,400010,1.32228655863065,103.902720513959,2025-09-15
203036,2025-09,GEYLANG,4 ROOM,320,UBI AVE 1,04 TO 06,90.0,Simplified,1985,58 years 09 months,555000.0,320 UBI AVE 1,400320,1.32880527103033,103.904280456723,2025-09-15
203037,2025-09,GEYLANG,4 ROOM,347,UBI AVE 1,07 TO 09,84.0,Simplified,1986,59 years 08 months,545000.0,347 UBI AVE 1,400347,1.32566116950868,103.899733223176,2025-09-15
203069,2025-09,GEYLANG,5 ROOM,5,PINE CL,10 TO 12,111.0,Improved,2000,73 years 09 months,1300000.0,5 PINE CL,391005,1.30704305939862,103.882688422799,2025-09-15
203532,2025-09,HOUGANG,4 ROOM,993A,BUANGKOK LINK,10 TO 12,93.0,Model A,2021,94 years 04 months,665000.0,993A BUANGKOK LINK,531993,1.38483884242613,103.883129110308,2025-09-15
203625,2025-09,HOUGANG,4 ROOM,321,HOUGANG AVE 5,07 TO 09,93.0,New Generation,1983,56 years 05 months,548000.0,321 HOUGANG AVE 5,530321,1.36710131174973,103.898278016767,2025-09-15
203638,2025-09,HOUGANG,4 ROOM,524,HOUGANG AVE 6,01 TO 03,108.0,Model A,1987,60 years 06 months,663000.0,524 HOUGANG AVE 6,530524,1.3740756748707,103.890715774575,2025-09-15
203838,2025-09,HOUGANG,4 ROOM,471A,UPP SERANGOON CRES,13 TO 15,92.0,Model A,2015,88 years 08 months,675000.0,471A UPP SERANGOON CRES,531471,1.37814544014756,103.901767342056,2025-09-15
203839,2025-09,HOUGANG,4 ROOM,475B,UPP SERANGOON CRES,04 TO 06,92.0,DBSS,2014,88 years 02 months,738000.0,475B UPP SERANGOON CRES,532475,1.3757740461149,103.899965684738,2025-09-15
204057,2025-09,HOUGANG,EXECUTIVE,429,HOUGANG AVE 6,01 TO 03,146.0,Maisonette,1989,62 years 10 months,1030000.0,429 HOUGANG AVE 6,530429,1.37543488475803,103.893743438459,2025-09-15
204160,2025-09,JURONG EAST,3 ROOM,233,JURONG EAST ST 21,07 TO 09,67.0,New Generation,1982,55 years 06 months,430000.0,233 JURONG EAST ST 21,600233,1.34037462134713,103.740936554727,2025-09-15
204184,2025-09,JURONG EAST,3 ROOM,249,JURONG EAST ST 24,01 TO 03,67.0,New Generation,1983,56 years 04 months,410000.0,249 JURONG EAST ST 24,600249,1.34256242291848,103.739259690369,2025-09-15
204213,2025-09,JURONG EAST,3 ROOM,306,JURONG EAST ST 32,10 TO 12,82.0,New Generation,1983,57 years,445000.0,306 JURONG EAST ST 32,600306,1.34607046577403,103.735252691468,2025-09-15
204436,2025-09,JURONG EAST,5 ROOM,284,TOH GUAN RD,01 TO 03,120.0,Improved,1998,72 years 03 months,645000.0,284 TOH GUAN RD,600284,1.33948765295892,103.746226449075,2025-09-15
204629,2025-09,JURONG WEST,3 ROOM,120,HO CHING RD,04 TO 06,67.0,Improved,1972,45 years 07 months,350000.0,120 HO CHING RD,610120,1.33540764836183,103.724260953568,2025-09-15
204674,2025-09,JURONG WEST,3 ROOM,481,JURONG WEST ST 41,01 TO 03,67.0,New Generation,1985,58 years 07 months,395000.0,481 JURONG WEST ST 41,640481,1.34684614465939,103.725229988301,2025-09-15
204724,2025-09,JURONG WEST,3 ROOM,531,JURONG WEST ST 52,04 TO 06,67.0,New Generation,1983,56 years 11 months,420000.0,531 JURONG WEST ST 52,640531,1.34908423801413,103.715342876347,2025-09-15
204725,2025-09,JURONG WEST,3 ROOM,534,JURONG WEST ST 52,07 TO 09,82.0,New Generation,1982,55 years 09 months,460000.0,534 JURONG WEST ST 52,640534,1.34896771891724,103.717106045626,2025-09-15
204846,2025-09,JURONG WEST,4 ROOM,540,JURONG WEST AVE 1,04 TO 06,103.0,Model A,1984,58 years 04 months,519000.0,540 JURONG WEST AVE 1,640540,1.35059213918849,103.715348643271,2025-09-15
204882,2025-09,JURONG WEST,4 ROOM,272A,JURONG WEST ST 24,07 TO 09,93.0,Premium Apartment,2003,77 years 01 month,518888.0,272A JURONG WEST ST 24,641272,1.35026682839179,103.705239920981,2025-09-15
205088,2025-09,JURONG WEST,4 ROOM,739,JURONG WEST ST 73,10 TO 12,106.0,Model A,1995,68 years 09 months,575000.0,739 JURONG WEST ST 73,640739,1.34594298573858,103.700120116691,2025-09-15
205127,2025-09,JURONG WEST,4 ROOM,810,JURONG WEST ST 81,04 TO 06,107.0,Model A,1993,67 years 03 months,525000.0,810 JURONG WEST ST 81,640810,1.34688627343839,103.695471362908,2025-09-15
205254,2025-09,JURONG WEST,5 ROOM,218D,BOON LAY AVE,13 TO 15,114.0,Improved,2018,91 years 11 months,778000.0,218D BOON LAY AVE,644218,1.35085552032825,103.712083394384,2025-09-15
206203,2025-09,KALLANG/WHAMPOA,4 ROOM,3B,UPP BOON KENG RD,16 TO 18,90.0,Model A,2006,79 years 11 months,942000.0,3B UPP BOON KENG RD,382003,1.31429873353526,103.872828236608,2025-09-15
206394,2025-09,MARINE PARADE,4 ROOM,62,MARINE DR,10 TO 12,87.0,Improved,1976,49 years 04 months,666666.0,62 MARINE DR,440062,1.30267023304987,103.909040353592,2025-09-15
206537,2025-09,PASIR RIS,4 ROOM,405,PASIR RIS DR 6,10 TO 12,106.0,Model A,1989,63 years 03 months,633000.0,405 PASIR RIS DR 6,510405,1.37362250241917,103.955932241638,2025-09-15
206857,2025-09,PASIR RIS,EXECUTIVE,207,PASIR RIS ST 21,04 TO 06,146.0,Apartment,1993,67 years 01 month,875000.0,207 PASIR RIS ST 21,510207,1.36630332942513,103.962287761409,2025-09-15
207431,2025-09,PUNGGOL,4 ROOM,258B,PUNGGOL FIELD,01 TO 03,93.0,Model A,2016,89 years 09 months,603000.0,258B PUNGGOL FIELD,822258,1.40368230786817,103.896461412296,2025-09-15
207581,2025-09,PUNGGOL,4 ROOM,271B,PUNGGOL WALK,10 TO 12,93.0,Premium Apartment,2014,87 years 07 months,832888.0,271B PUNGGOL WALK,822271,1.40417054982357,103.900581094235,2025-09-15
207607,2025-09,PUNGGOL,4 ROOM,316C,PUNGGOL WAY,10 TO 12,93.0,Premium Apartment,2017,91 years,753888.0,316C PUNGGOL WAY,823316,1.40897577474178,103.897024808292,2025-09-15
207908,2025-09,PUNGGOL,5 ROOM,204C,PUNGGOL FIELD,13 TO 15,110.0,Improved,2004,78 years 02 months,655000.0,204C PUNGGOL FIELD,823204,1.39803321474777,103.90307258196,2025-09-15
208148,2025-09,QUEENSTOWN,3 ROOM,26,GHIM MOH LINK,01 TO 03,67.0,Model A,2013,86 years 07 months,690000.0,26 GHIM MOH LINK,270026,1.30838826045914,103.785551268112,2025-09-15
208206,2025-09,QUEENSTOWN,3 ROOM,4,HOLLAND CL,04 TO 06,65.0,Improved,1974,47 years 08 months,505888.0,4 HOLLAND CL,271004,1.30796826360553,103.795646462312,2025-09-15
208327,2025-09,QUEENSTOWN,4 ROOM,86,DAWSON RD,37 TO 39,83.0,Premium Apartment,2016,89 years 11 months,1170000.0,86 DAWSON RD,141086,1.29564903068441,103.810230517871,2025-09-15
208403,2025-09,QUEENSTOWN,4 ROOM,183,STIRLING RD,04 TO 06,95.0,Model A,2000,74 years 02 months,890000.0,183 STIRLING RD,140183,1.29568740644003,103.80486231318,2025-09-15
208528,2025-09,SEMBAWANG,2 ROOM,117B,CANBERRA CRES,04 TO 06,47.0,Model A,2020,93 years 09 months,416000.0,117B CANBERRA CRES,752117,1.4447956978802,103.830159588142,2025-09-15
209323,2025-09,SEMBAWANG,5 ROOM,128C,CANBERRA ST,04 TO 06,113.0,Improved,2018,92 years 01 month,783888.0,128C CANBERRA ST,753128,1.44466202296921,103.833900949952,2025-09-15
209477,2025-09,SENGKANG,2 ROOM,353A,ANCHORVALE LANE,13 TO 15,38.0,2-room,2021,94 years 05 months,408000.0,353A ANCHORVALE LANE,541353,1.39380650147896,103.885615916234,2025-09-15
209805,2025-09,SENGKANG,4 ROOM,329A,ANCHORVALE ST,10 TO 12,92.0,Model A,2015,88 years 11 months,700000.0,329A ANCHORVALE ST,541329,1.39619302195076,103.88972181068,2025-09-15
209831,2025-09,SENGKANG,4 ROOM,266B,COMPASSVALE BOW,07 TO 09,92.0,Premium Apartment,2007,80 years 11 months,710000.0,266B COMPASSVALE BOW,542266,1.38257935947972,103.897225252377,2025-09-15
209997,2025-09,SENGKANG,4 ROOM,259B,COMPASSVALE RD,13 TO 15,85.0,Model A2,2001,74 years 04 months,646000.0,259B COMPASSVALE RD,542259,1.39387119772709,103.897505974595,2025-09-15
210043,2025-09,SENGKANG,4 ROOM,403A,FERNVALE LANE,19 TO 21,94.0,Premium Apartment,2004,77 years 07 months,600000.0,403A FERNVALE LANE,791403,1.3889306090651,103.873208570293,2025-09-15
210272,2025-09,SENGKANG,4 ROOM,113,RIVERVALE WALK,04 TO 06,101.0,Model A,1998,72 years 03 months,570000.0,113 RIVERVALE WALK,540113,1.38382743689141,103.901683665212,2025-09-15
210314,2025-09,SENGKANG,4 ROOM,200A,SENGKANG EAST RD,01 TO 03,90.0,Model A,2001,74 years 11 months,552000.0,200A SENGKANG EAST RD,541200,1.38700703200166,103.891964770037,2025-09-15
210599,2025-09,SENGKANG,5 ROOM,258B,COMPASSVALE RD,10 TO 12,110.0,Improved,2001,74 years 04 months,725000.0,258B COMPASSVALE RD,542258,1.39290277450107,103.897404571333,2025-09-15
210791,2025-09,SENGKANG,5 ROOM,186A,RIVERVALE DR,01 TO 03,109.0,Improved,2001,74 years 04 months,560000.0,186A RIVERVALE DR,541186,1.39300977764145,103.905649478832,2025-09-15
210836,2025-09,SENGKANG,5 ROOM,323C,SENGKANG EAST WAY,13 TO 15,110.0,Improved,2003,76 years 08 months,736888.0,323C SENGKANG EAST WAY,543323,1.39291333684103,103.892403304917,2025-09-15
210992,2025-09,SERANGOON,3 ROOM,210,SERANGOON CTRL,04 TO 06,64.0,Simplified,1985,59 years,500000.0,210 SERANGOON CTRL,550210,1.35492978202648,103.873639912916,2025-09-15
211026,2025-09,SERANGOON,4 ROOM,425,SERANGOON AVE 1,04 TO 06,106.0,Model A,1989,62 years 09 months,845000.0,425 SERANGOON AVE 1,550425,1.34812643498708,103.876605097771,2025-09-15
211065,2025-09,SERANGOON,4 ROOM,235,SERANGOON AVE 3,07 TO 09,104.0,Model A,1985,58 years 09 months,815000.0,235 SERANGOON AVE 3,550235,1.35511076107735,103.869934707698,2025-09-15
211391,2025-09,TAMPINES,3 ROOM,205,TAMPINES ST 21,01 TO 03,75.0,Model A,1983,56 years 10 months,470000.0,205 TAMPINES ST 21,520205,1.35171755145102,103.951966044566,2025-09-15
211408,2025-09,TAMPINES,3 ROOM,283,TAMPINES ST 22,04 TO 06,84.0,Model A,1984,58 years,530000.0,283 TAMPINES ST 22,520283,1.34862955734174,103.952853471968,2025-09-15
211604,2025-09,TAMPINES,4 ROOM,224,SIMEI ST 4,04 TO 06,108.0,Model A,1989,62 years 10 months,668000.0,224 SIMEI ST 4,520224,1.34287178966991,103.95756183721,2025-09-15
212015,2025-09,TAMPINES,4 ROOM,416,TAMPINES ST 41,07 TO 09,84.0,Simplified,1987,60 years 07 months,578888.0,416 TAMPINES ST 41,520416,1.35915490215513,103.947401738253,2025-09-15
212139,2025-09,TAMPINES,4 ROOM,888,TAMPINES ST 81,01 TO 03,108.0,Model A,1988,62 years 01 month,666000.0,888 TAMPINES ST 81,520888,1.35090347766615,103.931049949489,2025-09-15
212185,2025-09,TAMPINES,4 ROOM,874,TAMPINES ST 84,10 TO 12,104.0,Model A,1989,62 years 06 months,630000.0,874 TAMPINES ST 84,520874,1.35371258898409,103.931944756571,2025-09-15
212307,2025-09,TAMPINES,5 ROOM,515B,TAMPINES CTRL 7,13 TO 15,107.0,DBSS,2008,82 years 04 months,1050000.0,515B TAMPINES CTRL 7,522515,1.35696781983179,103.93866770469,2025-09-15
212435,2025-09,TAMPINES,5 ROOM,165,TAMPINES ST 12,07 TO 09,133.0,Model A,1984,57 years 11 months,830000.0,165 TAMPINES ST 12,521165,1.34925962313654,103.945859451023,2025-09-15
212503,2025-09,TAMPINES,5 ROOM,359,TAMPINES ST 34,04 TO 06,121.0,Improved,1996,69 years 06 months,730000.0,359 TAMPINES ST 34,520359,1.35588169299314,103.961638534274,2025-09-15
212514,2025-09,TAMPINES,5 ROOM,412,TAMPINES ST 41,04 TO 06,138.0,Model A,1985,59 years 01 month,830000.0,412 TAMPINES ST 41,520412,1.35942515409494,103.946270465728,2025-09-15
213129,2025-09,TOA PAYOH,4 ROOM,106B,BIDADARI PK DR,13 TO 15,94.0,Model A,2020,93 years 11 months,1180000.0,106B BIDADARI PK DR,342106,1.33364211083176,103.871164760412,2025-09-15
213501,2025-09,TOA PAYOH,EXECUTIVE,128,POTONG PASIR AVE 1,01 TO 03,161.0,Maisonette,1984,57 years 06 months,1260000.0,128 POTONG PASIR AVE 1,350128,1.33480397745816,103.86578784298,2025-09-15
213565,2025-09,WOODLANDS,3 ROOM,203,MARSILING DR,04 TO 06,82.0,New Generation,1981,55 years 01 month,421888.0,203 MARSILING DR,730203,1.44378245782924,103.774416596146,2025-09-15
213907,2025-09,WOODLANDS,4 ROOM,513,WOODLANDS DR 14,10 TO 12,107.0,Premium Apartment,1999,72 years 06 months,628000.0,513 WOODLANDS DR 14,730513,1.43386698574021,103.789472977537,2025-09-15
213946,2025-09,WOODLANDS,4 ROOM,573C,WOODLANDS DR 16,04 TO 06,93.0,Model A,2018,91 years 09 months,658888.0,573C WOODLANDS DR 16,733573,1.43050173672501,103.797682947729,2025-09-15
214013,2025-09,WOODLANDS,4 ROOM,887A,WOODLANDS DR 50,13 TO 15,95.0,Premium Apartment,2015,88 years 05 months,690000.0,887A WOODLANDS DR 50,731887,1.43719216541067,103.793890876939,2025-09-15
214537,2025-09,WOODLANDS,5 ROOM,778,WOODLANDS DR 60,04 TO 06,121.0,Improved,1997,71 years 04 months,670000.0,778 WOODLANDS DR 60,730778,1.44728214613521,103.799774503062,2025-09-15
214608,2025-09,WOODLANDS,5 ROOM,688D,WOODLANDS DR 75,01 TO 03,110.0,Premium Apartment,2004,77 years 06 months,622000.0,688D WOODLANDS DR 75,734688,1.44341960518743,103.807696359787,2025-09-15
214754,2025-09,WOODLANDS,EXECUTIVE,893D,WOODLANDS DR 50,04 TO 06,144.0,Maisonette,1996,70 years 01 month,893000.0,893D WOODLANDS DR 50,733893,1.43631845206637,103.789947950224,2025-09-15
214862,2025-09,YISHUN,2 ROOM,462B,YISHUN AVE 6,10 TO 12,47.0,Model A,2019,92 years 11 months,372000.0,462B YISHUN AVE 6,762462,1.42713422609837,103.850234948425,2025-09-15
215136,2025-09,YISHUN,3 ROOM,125,YISHUN ST 11,10 TO 12,67.0,New Generation,1984,58 years 04 months,430000.0,125 YISHUN ST 11,760125,1.4339506942268,103.830439843368,2025-09-15
215343,2025-09,YISHUN,4 ROOM,428B,YISHUN AVE 11,10 TO 12,92.0,Model A,2015,88 years 06 months,600000.0,428B YISHUN AVE 11,762428,1.42207815400064,103.847233385196,2025-09-15
215344,2025-09,YISHUN,4 ROOM,439,YISHUN AVE 11,04 TO 06,84.0,Simplified,1988,61 years 11 months,460000.0,439 YISHUN AVE 11,760439,1.42199326349606,103.84614699943,2025-09-15
215482,2025-09,YISHUN,4 ROOM,172,YISHUN AVE 7,07 TO 09,103.0,Model A,1988,62 years,547000.0,172 YISHUN AVE 7,760172,1.43660111000642,103.83109095206,2025-09-15
215747,2025-09,YISHUN,4 ROOM,479C,YISHUN ST 42,01 TO 03,93.0,Model A,2021,94 years 07 months,582000.0,479C YISHUN ST 42,763479,1.42942961091678,103.850096721246,2025-09-15
216131,2025-09,YISHUN,EXECUTIVE,328,YISHUN RING RD,01 TO 03,142.0,Apartment,1988,61 years 10 months,842500.0,328 YISHUN RING RD,760328,1.42977954209574,103.843056925662,2025-09-15
197336,2025-09,ANG MO KIO,3 ROOM,107,ANG MO KIO AVE 4,01 TO 03,74.0,New Generation,1978,51 years 07 months,428888.0,107 ANG MO KIO AVE 4,560107,1.37138400081003,103.837381409794,2025-09-16
197511,2025-09,ANG MO KIO,4 ROOM,472,ANG MO KIO AVE 10,01 TO 03,92.0,New Generation,1979,52 years 11 months,512888.0,472 ANG MO KIO AVE 10,560472,1.36314392666998,103.858118593427,2025-09-16
197565,2025-09,ANG MO KIO,4 ROOM,175,ANG MO KIO AVE 4,04 TO 06,92.0,New Generation,1981,54 years 10 months,540888.0,175 ANG MO KIO AVE 4,560175,1.37572264709308,103.837123341994,2025-09-16
197566,2025-09,ANG MO KIO,4 ROOM,177,ANG MO KIO AVE 4,10 TO 12,92.0,New Generation,1981,54 years 07 months,625000.0,177 ANG MO KIO AVE 4,560177,1.37583827139652,103.838123054825,2025-09-16
197629,2025-09,ANG MO KIO,4 ROOM,455A,ANG MO KIO ST 44,19 TO 21,93.0,Model A,2018,91 years 06 months,980000.0,455A ANG MO KIO ST 44,561455,1.36817376241157,103.857520553516,2025-09-16
197660,2025-09,ANG MO KIO,4 ROOM,596B,ANG MO KIO ST 52,19 TO 21,91.0,Model A,2002,76 years 03 months,909000.0,596B ANG MO KIO ST 52,562596,1.37205123278789,103.850545847531,2025-09-16
197710,2025-09,ANG MO KIO,5 ROOM,700B,ANG MO KIO AVE 6,07 TO 09,111.0,Improved,2003,77 years,1035888.0,700B ANG MO KIO AVE 6,562700,1.36941049804616,103.846059822142,2025-09-16
198764,2025-09,BISHAN,4 ROOM,113,BISHAN ST 12,07 TO 09,84.0,Simplified,1986,59 years 04 months,690000.0,113 BISHAN ST 12,570113,1.34723185095729,103.848808988875,2025-09-16
198826,2025-09,BISHAN,4 ROOM,213,BISHAN ST 23,01 TO 03,105.0,Model A,1992,65 years 08 months,833000.0,213 BISHAN ST 23,570213,1.35717822124501,103.848152969032,2025-09-16
198827,2025-09,BISHAN,4 ROOM,226,BISHAN ST 23,01 TO 03,116.0,Model A,1992,65 years 08 months,886000.0,226 BISHAN ST 23,570226,1.35854600472842,103.847127301001,2025-09-16
198922,2025-09,BISHAN,5 ROOM,291,BISHAN ST 24,10 TO 12,123.0,Premium Apartment,1998,71 years 09 months,1065000.0,291 BISHAN ST 24,570291,1.35591015038813,103.845158434779,2025-09-16
199812,2025-09,BUKIT BATOK,5 ROOM,437A,BT BATOK WEST AVE 5,01 TO 03,113.0,Improved,2020,93 years 06 months,733000.0,437A BT BATOK WEST AVE 5,651437,1.35817033364294,103.739219664469,2025-09-16
199939,2025-09,BUKIT BATOK,EXECUTIVE,366,BT BATOK ST 31,10 TO 12,146.0,Maisonette,1986,59 years 06 months,840000.0,366 BT BATOK ST 31,650366,1.36036478752608,103.748916692721,2025-09-16
200231,2025-09,BUKIT MERAH,3 ROOM,30,TELOK BLANGAH RISE,01 TO 03,59.0,Improved,1976,49 years 08 months,351000.0,30 TELOK BLANGAH RISE,90030,1.27298528304053,103.820252009798,2025-09-16
200597,2025-09,BUKIT MERAH,5 ROOM,113,DEPOT RD,13 TO 15,119.0,Standard,1976,50 years 02 months,710000.0,113 DEPOT RD,100113,1.28141986196531,103.807286875557,2025-09-16
200997,2025-09,BUKIT PANJANG,4 ROOM,546B,SEGAR RD,07 TO 09,92.0,Model A,2015,88 years 10 months,608888.0,546B SEGAR RD,672546,1.38879453668982,103.769891778175,2025-09-16
201059,2025-09,BUKIT PANJANG,4 ROOM,635A,SENJA RD,13 TO 15,93.0,Model A,2015,89 years 01 month,655000.0,635A SENJA RD,671635,1.38656225824527,103.757208072494,2025-09-16
201443,2025-09,CENTRAL AREA,4 ROOM,642,ROWELL RD,10 TO 12,109.0,Model A,1984,57 years 04 months,800000.0,642 ROWELL RD,200642,1.30778051437061,103.856495249944,2025-09-16
201671,2025-09,CHOA CHU KANG,4 ROOM,490C,CHOA CHU KANG AVE 5,01 TO 03,93.0,Model A,2016,89 years 09 months,530000.0,490C CHOA CHU KANG AVE 5,683490,1.37575014356152,103.741751767068,2025-09-16
201740,2025-09,CHOA CHU KANG,4 ROOM,686C,CHOA CHU KANG CRES,07 TO 09,85.0,Model A2,2002,76 years 02 months,475000.0,686C CHOA CHU KANG CRES,683686,1.40468369607815,103.74900201661,2025-09-16
201800,2025-09,CHOA CHU KANG,4 ROOM,504,CHOA CHU KANG ST 51,10 TO 12,117.0,Model A,1995,68 years 05 months,600000.0,504 CHOA CHU KANG ST 51,680504,1.3891663147976,103.742676142012,2025-09-16
202073,2025-09,CHOA CHU KANG,5 ROOM,687C,CHOA CHU KANG DR,13 TO 15,110.0,Improved,2003,76 years 06 months,590000.0,687C CHOA CHU KANG DR,683687,1.40368559369126,103.751204967067,2025-09-16
202371,2025-09,CLEMENTI,3 ROOM,339,CLEMENTI AVE 5,10 TO 12,67.0,New Generation,1979,53 years 03 months,431000.0,339 CLEMENTI AVE 5,120339,1.31966316716168,103.769139839665,2025-09-16
202430,2025-09,CLEMENTI,3 ROOM,711,CLEMENTI WEST ST 2,10 TO 12,67.0,New Generation,1980,54 years 02 months,400000.0,711 CLEMENTI WEST ST 2,120711,1.30484423498146,103.76110706384,2025-09-16
202450,2025-09,CLEMENTI,3 ROOM,704,WEST COAST RD,01 TO 03,67.0,New Generation,1980,54 years 01 month,355888.0,704 WEST COAST RD,120704,1.30634750622019,103.760538027126,2025-09-16
202731,2025-09,GEYLANG,3 ROOM,20,BALAM RD,10 TO 12,60.3,Standard,1967,40 years 04 months,346000.0,20 BALAM RD,370020,1.33083095249698,103.887507765547,2025-09-16
202742,2025-09,GEYLANG,3 ROOM,52,CASSIA CRES,13 TO 15,62.0,Model A,2018,91 years 04 months,690000.0,52 CASSIA CRES,390052,1.31067221805457,103.88503171279,2025-09-16
203602,2025-09,HOUGANG,4 ROOM,167,HOUGANG AVE 1,10 TO 12,101.0,Model A,1997,71 years 01 month,641888.0,167 HOUGANG AVE 1,530167,1.35181593598792,103.888448131093,2025-09-16
203893,2025-09,HOUGANG,4 ROOM,470B,UPP SERANGOON CRES,07 TO 09,92.0,Model A,2015,88 years 08 months,680000.0,470B UPP SERANGOON CRES,532470,1.37893083811935,103.900988286293,2025-09-16
203907,2025-09,HOUGANG,4 ROOM,365B,UPP SERANGOON RD,13 TO 15,92.0,Model A,2018,91 years 05 months,830000.0,365B UPP SERANGOON RD,532365,1.36920419004326,103.897512942583,2025-09-16
204216,2025-09,JURONG EAST,3 ROOM,231,JURONG EAST ST 21,10 TO 12,67.0,New Generation,1981,54 years 09 months,411000.0,231 JURONG EAST ST 21,600231,1.3411274954664,103.738101187795,2025-09-16
204340,2025-09,JURONG EAST,4 ROOM,228,JURONG EAST ST 21,04 TO 06,87.0,Simplified,1987,61 years 02 months,490000.0,228 JURONG EAST ST 21,600228,1.34257472073046,103.736290436718,2025-09-16
204422,2025-09,JURONG EAST,5 ROOM,332,JURONG EAST AVE 1,07 TO 09,135.0,Model A,1985,59 years 01 month,672000.0,332 JURONG EAST AVE 1,600332,1.35159123927227,103.73019605105,2025-09-16
204423,2025-09,JURONG EAST,5 ROOM,340,JURONG EAST AVE 1,04 TO 06,140.0,Model A-Maisonette,1984,57 years 11 months,828000.0,340 JURONG EAST AVE 1,600340,1.35012661651533,103.730687889533,2025-09-16
204785,2025-09,JURONG WEST,3 ROOM,524,JURONG WEST ST 52,01 TO 03,67.0,New Generation,1982,55 years 07 months,408000.0,524 JURONG WEST ST 52,640524,1.3471976255018,103.717246730837,2025-09-16
205012,2025-09,JURONG WEST,4 ROOM,420,JURONG WEST ST 42,10 TO 12,84.0,Simplified,1985,58 years 08 months,500000.0,420 JURONG WEST ST 42,640420,1.35057175087713,103.72717276553,2025-09-16
205118,2025-09,JURONG WEST,4 ROOM,667A,JURONG WEST ST 65,13 TO 15,91.0,Model A,2000,73 years 10 months,550088.0,667A JURONG WEST ST 65,641667,1.34175856139895,103.701490370658,2025-09-16
205220,2025-09,JURONG WEST,4 ROOM,902,JURONG WEST ST 91,07 TO 09,103.0,Model A,1988,61 years 11 months,495000.0,902 JURONG WEST ST 91,640902,1.33911645731896,103.686609779665,2025-09-16
205259,2025-09,JURONG WEST,4 ROOM,348,KANG CHING RD,01 TO 03,102.0,Model A,1997,70 years 08 months,570000.0,348 KANG CHING RD,610348,1.3406099422348,103.719782260106,2025-09-16
205300,2025-09,JURONG WEST,4 ROOM,175C,YUNG KUANG RD,16 TO 18,93.0,Premium Apartment,2015,88 years 09 months,652000.0,175C YUNG KUANG RD,613175,1.33278786165574,103.721640089539,2025-09-16
205492,2025-09,JURONG WEST,5 ROOM,678D,JURONG WEST ST 64,01 TO 03,110.0,Premium Apartment,2008,81 years 09 months,565888.0,678D JURONG WEST ST 64,644678,1.34486489552662,103.703395356177,2025-09-16
205670,2025-09,JURONG WEST,EXECUTIVE,274A,JURONG WEST AVE 3,04 TO 06,126.0,Apartment,2001,75 years 03 months,680000.0,274A JURONG WEST AVE 3,641274,1.35226505301544,103.703603969219,2025-09-16
205896,2025-09,KALLANG/WHAMPOA,3 ROOM,3,JLN BATU,07 TO 09,60.0,Standard,1969,42 years 04 months,370000.0,3 JLN BATU,431003,1.30288393170238,103.883934229235,2025-09-16
205897,2025-09,KALLANG/WHAMPOA,3 ROOM,4,JLN BATU,01 TO 03,60.0,Standard,1969,42 years 04 months,340000.0,4 JLN BATU,431004,1.30186342536084,103.884045467548,2025-09-16
206380,2025-09,KALLANG/WHAMPOA,EXECUTIVE,105,JLN RAJAH,01 TO 03,150.0,Maisonette,1984,57 years 11 months,935000.0,105 JLN RAJAH,320105,1.32857909987613,103.85387252356,2025-09-16
206411,2025-09,MARINE PARADE,3 ROOM,34,MARINE CRES,04 TO 06,71.0,Improved,1975,48 years 08 months,410000.0,34 MARINE CRES,440034,1.30414964002546,103.912123966699,2025-09-16
206427,2025-09,MARINE PARADE,3 ROOM,66,MARINE DR,10 TO 12,76.0,Improved,1976,49 years 06 months,535000.0,66 MARINE DR,440066,1.30391193028103,103.909740471499,2025-09-16
206730,2025-09,PASIR RIS,5 ROOM,739,PASIR RIS DR 10,01 TO 03,127.0,Improved,1996,70 years 01 month,720000.0,739 PASIR RIS DR 10,510739,1.37850572542888,103.936796194368,2025-09-16
206856,2025-09,PASIR RIS,5 ROOM,760,PASIR RIS ST 71,01 TO 03,128.0,Improved,1996,70 years 01 month,680000.0,760 PASIR RIS ST 71,510760,1.37640020264297,103.933539788895,2025-09-16
206939,2025-09,PASIR RIS,EXECUTIVE,463,PASIR RIS ST 41,07 TO 09,146.0,Apartment,1992,66 years 03 months,938000.0,463 PASIR RIS ST 41,510463,1.37258743090674,103.958120451767,2025-09-16
206966,2025-09,PASIR RIS,EXECUTIVE,714,PASIR RIS ST 72,04 TO 06,148.0,Apartment,1996,69 years 09 months,850000.0,714 PASIR RIS ST 72,510714,1.38264722864523,103.937556703926,2025-09-16
207071,2025-09,PUNGGOL,3 ROOM,664A,PUNGGOL DR,07 TO 09,65.0,Model A,2016,89 years 09 months,538000.0,664A PUNGGOL DR,821664,1.39943218267508,103.917510729317,2025-09-16
207074,2025-09,PUNGGOL,3 ROOM,659B,PUNGGOL EAST,16 TO 18,68.0,Model A,2018,92 years 03 months,566000.0,659B PUNGGOL EAST,822659,1.40074548338815,103.919147319014,2025-09-16
207435,2025-09,PUNGGOL,4 ROOM,612A,PUNGGOL DR,16 TO 18,93.0,Model A,2012,86 years 03 months,680000.0,612A PUNGGOL DR,821612,1.40416431610712,103.909117742952,2025-09-16
207436,2025-09,PUNGGOL,4 ROOM,617D,PUNGGOL DR,07 TO 09,95.0,Premium Apartment,2013,87 years,685000.0,617D PUNGGOL DR,824617,1.40161428921505,103.912807967947,2025-09-16
207437,2025-09,PUNGGOL,4 ROOM,665A,PUNGGOL DR,10 TO 12,93.0,Premium Apartment,2016,89 years 05 months,748000.0,665A PUNGGOL DR,821665,1.4022827275187,103.913637732874,2025-09-16
207455,2025-09,PUNGGOL,4 ROOM,168A,PUNGGOL EAST,10 TO 12,92.0,Premium Apartment,2009,82 years 06 months,668000.0,168A PUNGGOL EAST,821168,1.39458916861034,103.914238786983,2025-09-16
207592,2025-09,PUNGGOL,4 ROOM,302A,PUNGGOL PL,13 TO 15,93.0,Premium Apartment,2011,84 years 06 months,762000.0,302A PUNGGOL PL,821302,1.40442356621968,103.904444236705,2025-09-16
207696,2025-09,PUNGGOL,4 ROOM,265B,PUNGGOL WAY,07 TO 09,92.0,Model A,2015,88 years 09 months,700888.0,265B PUNGGOL WAY,822265,1.40519969260241,103.898662558654,2025-09-16
207842,2025-09,PUNGGOL,5 ROOM,684A,EDGEDALE PLAINS,07 TO 09,113.0,Premium Apartment,2018,91 years 11 months,805000.0,684A EDGEDALE PLAINS,821684,1.40279379493336,103.915878602831,2025-09-16
207936,2025-09,PUNGGOL,5 ROOM,642C,PUNGGOL DR,13 TO 15,111.0,Premium Apartment,2005,78 years 04 months,702500.0,642C PUNGGOL DR,823642,1.39860069703993,103.916203276471,2025-09-16
208000,2025-09,PUNGGOL,5 ROOM,199B,PUNGGOL FIELD,04 TO 06,110.0,Improved,2003,76 years 08 months,645000.0,199B PUNGGOL FIELD,822199,1.39996997980383,103.9057511815,2025-09-16
208214,2025-09,QUEENSTOWN,3 ROOM,93,DAWSON RD,07 TO 09,65.0,Premium Apartment,2016,89 years 07 months,700000.0,93 DAWSON RD,142093,1.2949922696335,103.8117965437,2025-09-16
208497,2025-09,QUEENSTOWN,4 ROOM,181,STIRLING RD,04 TO 06,95.0,Model A,2000,74 years,828000.0,181 STIRLING RD,140181,1.29438213198317,103.805560246494,2025-09-16
208540,2025-09,QUEENSTOWN,4 ROOM,61A,STRATHMORE AVE,19 TO 21,98.0,Model A,2011,84 years 11 months,1000000.0,61A STRATHMORE AVE,142061,1.29386098878546,103.811583887322,2025-09-16
208903,2025-09,SEMBAWANG,4 ROOM,130B,CANBERRA CRES,04 TO 06,93.0,Model A,2018,92 years 01 month,638000.0,130B CANBERRA CRES,752130,1.44438611303635,103.832077558585,2025-09-16
209855,2025-09,SENGKANG,4 ROOM,333D,ANCHORVALE LINK,07 TO 09,92.0,Model A,2015,88 years 09 months,650000.0,333D ANCHORVALE LINK,544333,1.39422494446126,103.892243948665,2025-09-16
210030,2025-09,SENGKANG,4 ROOM,208B,COMPASSVALE LANE,01 TO 03,92.0,Model A,2011,85 years 02 months,635000.0,208B COMPASSVALE LANE,542208,1.38454735751817,103.898810019993,2025-09-16
210257,2025-09,SENGKANG,4 ROOM,471A,FERNVALE ST,22 TO 24,93.0,Model A,2016,90 years,673888.0,471A FERNVALE ST,791471,1.39604094734393,103.880735419984,2025-09-16
210314,2025-09,SENGKANG,4 ROOM,155,RIVERVALE CRES,01 TO 03,91.0,Model A,2005,79 years 03 months,550000.0,155 RIVERVALE CRES,540155,1.3906986624878,103.907208774203,2025-09-16
210573,2025-09,SENGKANG,5 ROOM,314C,ANCHORVALE LINK,10 TO 12,110.0,Premium Apartment,2003,76 years 08 months,675000.0,314C ANCHORVALE LINK,543314,1.39146759994418,103.888964274249,2025-09-16
210911,2025-09,SENGKANG,5 ROOM,112,RIVERVALE WALK,13 TO 15,121.0,Improved,1998,72 years 02 months,750000.0,112 RIVERVALE WALK,540112,1.38345976601372,103.901383674633,2025-09-16
211055,2025-09,SENGKANG,EXECUTIVE,324C,SENGKANG EAST WAY,07 TO 09,125.0,Apartment,2002,75 years 09 months,870888.0,324C SENGKANG EAST WAY,543324,1.39254408668838,103.891776534324,2025-09-16
211104,2025-09,SERANGOON,3 ROOM,253,SERANGOON CTRL DR,01 TO 03,64.0,Simplified,1988,61 years 10 months,505000.0,253 SERANGOON CTRL DR,550253,1.35403939780038,103.870851534185,2025-09-16
211136,2025-09,SERANGOON,4 ROOM,401,SERANGOON AVE 1,04 TO 06,103.0,Model A,1989,62 years 05 months,790000.0,401 SERANGOON AVE 1,550401,1.34626598680467,103.873199803702,2025-09-16
211214,2025-09,SERANGOON,4 ROOM,427,SERANGOON CTRL,10 TO 12,111.0,Model A,1989,62 years 04 months,880888.0,427 SERANGOON CTRL,550427,1.34778813419006,103.875198480006,2025-09-16
211504,2025-09,TAMPINES,3 ROOM,202,TAMPINES ST 21,04 TO 06,75.0,Model A,1983,57 years 03 months,450000.0,202 TAMPINES ST 21,520202,1.35290528862856,103.952539174975,2025-09-16
211806,2025-09,TAMPINES,4 ROOM,604A,TAMPINES AVE 9,13 TO 15,92.0,Model A,2020,93 years 05 months,761888.0,604A TAMPINES AVE 9,521604,1.36136735465848,103.935193332453,2025-09-16
211995,2025-09,TAMPINES,4 ROOM,107,TAMPINES ST 11,04 TO 06,115.0,Model A,1984,58 years 01 month,630000.0,107 TAMPINES ST 11,521107,1.34836421842072,103.948158723814,2025-09-16
212065,2025-09,TAMPINES,4 ROOM,274,TAMPINES ST 22,10 TO 12,105.0,Model A,1984,57 years 10 months,665000.0,274 TAMPINES ST 22,520274,1.34829994079049,103.95005945995,2025-09-16
212271,2025-09,TAMPINES,4 ROOM,842B,TAMPINES ST 82,04 TO 06,107.0,Model A,1995,68 years 05 months,718000.0,842B TAMPINES ST 82,522842,1.35132561986977,103.936921079502,2025-09-16
212427,2025-09,TAMPINES,5 ROOM,523A,TAMPINES CTRL 7,07 TO 09,113.0,Improved,2015,88 years 11 months,978888.0,523A TAMPINES CTRL 7,521523,1.35937098724463,103.938378633561,2025-09-16
212696,2025-09,TAMPINES,5 ROOM,819,TAMPINES ST 81,04 TO 06,136.0,Adjoined flat,1984,58 years 03 months,932888.0,819 TAMPINES ST 81,520819,1.3483964837387,103.936808711751,2025-09-16
212724,2025-09,TAMPINES,5 ROOM,871C,TAMPINES ST 86,10 TO 12,114.0,Improved,2017,90 years 05 months,910000.0,871C TAMPINES ST 86,523871,1.35670900289357,103.931385349285,2025-09-16
212982,2025-09,TOA PAYOH,3 ROOM,163,LOR 1 TOA PAYOH,07 TO 09,65.0,Improved,1972,45 years 10 months,420000.0,163 LOR 1 TOA PAYOH,310163,1.33206060664774,103.84410502428,2025-09-16
213014,2025-09,TOA PAYOH,3 ROOM,85A,LOR 4 TOA PAYOH,07 TO 09,78.0,Improved,1972,45 years 04 months,472000.0,85A LOR 4 TOA PAYOH,311085,1.33628483555575,103.849405829084,2025-09-16
213349,2025-09,TOA PAYOH,4 ROOM,145,LOR 2 TOA PAYOH,04 TO 06,91.0,Model A,2006,79 years 04 months,870000.0,145 LOR 2 TOA PAYOH,310145,1.33521035428159,103.846162940767,2025-09-16
213468,2025-09,TOA PAYOH,4 ROOM,263,TOA PAYOH EAST,07 TO 09,93.0,Model A,2019,93 years 03 months,935000.0,263 TOA PAYOH EAST,310263,1.33296386438488,103.855447426238,2025-09-16
213611,2025-09,TOA PAYOH,5 ROOM,122,POTONG PASIR AVE 1,13 TO 15,140.0,Model A,1984,57 years 08 months,1100000.0,122 POTONG PASIR AVE 1,350122,1.3349317199816,103.866124988651,2025-09-16
213765,2025-09,WOODLANDS,3 ROOM,694C,WOODLANDS DR 62,10 TO 12,68.0,Model A,2018,92 years,528000.0,694C WOODLANDS DR 62,733694,1.43882273055925,103.80571417998,2025-09-16
213886,2025-09,WOODLANDS,4 ROOM,614,WOODLANDS AVE 4,04 TO 06,101.0,Model A,1998,71 years 11 months,530000.0,614 WOODLANDS AVE 4,730614,1.43445536966004,103.79641239237,2025-09-16
214087,2025-09,WOODLANDS,4 ROOM,705,WOODLANDS DR 40,01 TO 03,102.0,Model A,1996,70 years 01 month,520000.0,705 WOODLANDS DR 40,730705,1.43975611226903,103.796157190366,2025-09-16
214104,2025-09,WOODLANDS,4 ROOM,550,WOODLANDS DR 44,10 TO 12,100.0,Model A,2000,73 years 05 months,555000.0,550 WOODLANDS DR 44,730550,1.4327294591592,103.794777358439,2025-09-16
214147,2025-09,WOODLANDS,4 ROOM,886A,WOODLANDS DR 50,13 TO 15,95.0,Premium Apartment,2015,88 years 05 months,690000.0,886A WOODLANDS DR 50,731886,1.43829151566128,103.794612853493,2025-09-16
214162,2025-09,WOODLANDS,4 ROOM,619,WOODLANDS DR 52,07 TO 09,91.0,Model A2,1998,71 years 11 months,538888.0,619 WOODLANDS DR 52,730619,1.43343677091965,103.79805544789,2025-09-16
214422,2025-09,WOODLANDS,4 ROOM,872,WOODLANDS ST 81,07 TO 09,115.0,Model A,1996,69 years 08 months,580000.0,872 WOODLANDS ST 81,730872,1.44408730145683,103.789811521995,2025-09-16
214456,2025-09,WOODLANDS,5 ROOM,10,MARSILING DR,19 TO 21,126.0,Standard,1976,49 years 06 months,569000.0,10 MARSILING DR,730010,1.44080567418718,103.777318569996,2025-09-16
214921,2025-09,WOODLANDS,EXECUTIVE,112,WOODLANDS ST 13,04 TO 06,170.0,Apartment,1995,68 years 04 months,1020000.0,112 WOODLANDS ST 13,730112,1.43833146519626,103.781667292819,2025-09-16
215311,2025-09,YISHUN,3 ROOM,220,YISHUN ST 21,07 TO 09,67.0,New Generation,1985,59 years 01 month,420000.0,220 YISHUN ST 21,760220,1.43361671593167,103.835244034191,2025-09-16
215565,2025-09,YISHUN,4 ROOM,508B,YISHUN AVE 4,04 TO 06,93.0,Model A,2018,91 years 08 months,620000.0,508B YISHUN AVE 4,762508,1.41429103817707,103.839839936719,2025-09-16
215773,2025-09,YISHUN,4 ROOM,398,YISHUN RING RD,04 TO 06,104.0,Model A,1988,62 years,550000.0,398 YISHUN RING RD,760398,1.42767563138391,103.846523499407,2025-09-16
215810,2025-09,YISHUN,4 ROOM,211,YISHUN ST 21,10 TO 12,93.0,New Generation,1985,59 years,580000.0,211 YISHUN ST 21,760211,1.4317457809835,103.838295593199,2025-09-16
215877,2025-09,YISHUN,4 ROOM,454,YISHUN ST 41,07 TO 09,93.0,Model A,2013,86 years 11 months,595000.0,454 YISHUN ST 41,760454,1.41992025972747,103.845223000987,2025-09-16
197245,2025-09,ANG MO KIO,3 ROOM,128,ANG MO KIO AVE 3,04 TO 06,67.0,New Generation,1978,52 years,432000.0,128 ANG MO KIO AVE 3,560128,1.37083202800001,103.843546990613,2025-09-17
197246,2025-09,ANG MO KIO,3 ROOM,422,ANG MO KIO AVE 3,07 TO 09,73.0,New Generation,1979,52 years 04 months,455000.0,422 ANG MO KIO AVE 3,560422,1.36799988809778,103.851873942231,2025-09-17
197983,2025-09,BEDOK,3 ROOM,188A,BEDOK NTH ST 4,04 TO 06,68.0,Model A,2018,92 years 03 months,618000.0,188A BEDOK NTH ST 4,461188,1.33163353101368,103.941371320775,2025-09-17
198132,2025-09,BEDOK,3 ROOM,29,NEW UPP CHANGI RD,01 TO 03,65.0,Improved,1977,50 years 08 months,365000.0,29 NEW UPP CHANGI RD,464029,1.32395813360222,103.936341250384,2025-09-17
198178,2025-09,BEDOK,4 ROOM,103,BEDOK NTH AVE 4,13 TO 15,91.0,New Generation,1977,50 years 10 months,530000.0,103 BEDOK NTH AVE 4,460103,1.33348258777759,103.937542520091,2025-09-17
198297,2025-09,BEDOK,4 ROOM,747A,BEDOK RESERVOIR CRES,10 TO 12,87.0,DBSS,2014,88 years,870000.0,747A BEDOK RESERVOIR CRES,471747,1.3366395590937,103.921284387946,2025-09-17
198386,2025-09,BEDOK,4 ROOM,764,BEDOK RESERVOIR VIEW,01 TO 03,104.0,Premium Apartment,2000,74 years 04 months,700000.0,764 BEDOK RESERVOIR VIEW,470764,1.33587226296479,103.935400949109,2025-09-17
198605,2025-09,BEDOK,5 ROOM,102,LENGKONG TIGA,10 TO 12,129.0,Improved,1989,62 years 10 months,1050000.0,102 LENGKONG TIGA,410102,1.32557930714658,103.91065754789,2025-09-17
198758,2025-09,BISHAN,4 ROOM,175,BISHAN ST 13,07 TO 09,88.0,Simplified,1987,61 years,700000.0,175 BISHAN ST 13,570175,1.34896062200566,103.853736013686,2025-09-17
199110,2025-09,BUKIT BATOK,3 ROOM,318,BT BATOK ST 32,07 TO 09,68.0,New Generation,1986,59 years 07 months,405000.0,318 BT BATOK ST 32,650318,1.36094593781145,103.747282390377,2025-09-17
199131,2025-09,BUKIT BATOK,3 ROOM,341,BT BATOK ST 34,04 TO 06,73.0,Model A,1986,59 years 08 months,438000.0,341 BT BATOK ST 34,650341,1.36280451951487,103.749157203985,2025-09-17
199254,2025-09,BUKIT BATOK,3 ROOM,448B,BT BATOK WEST AVE 9,01 TO 03,68.0,Model A,2019,92 years 06 months,476000.0,448B BT BATOK WEST AVE 9,652448,1.35314900034194,103.740846555722,2025-09-17
199888,2025-09,BUKIT BATOK,5 ROOM,461D,BT BATOK WEST AVE 8,01 TO 03,114.0,Improved,2019,93 years,758000.0,461D BT BATOK WEST AVE 8,654461,1.35445321126227,103.740357147518,2025-09-17
199899,2025-09,BUKIT BATOK,EXECUTIVE,120,BT BATOK CTRL,04 TO 06,155.0,Maisonette,1985,58 years 08 months,936888.0,120 BT BATOK CTRL,650120,1.3510594273469,103.747712277505,2025-09-17
199908,2025-09,BUKIT BATOK,EXECUTIVE,221,BT BATOK EAST AVE 3,07 TO 09,149.0,Maisonette,1985,58 years 09 months,855000.0,221 BT BATOK EAST AVE 3,650221,1.34747562371947,103.753690953671,2025-09-17
200019,2025-09,BUKIT MERAH,3 ROOM,110A,DEPOT RD,19 TO 21,67.0,Model A,2017,91 years 02 months,700000.0,110A DEPOT RD,101110,1.28142824815036,103.809242812919,2025-09-17
200599,2025-09,BUKIT MERAH,5 ROOM,95,HAVELOCK RD,07 TO 09,118.0,Improved,1983,56 years 11 months,1008888.0,95 HAVELOCK RD,160095,1.28847543074122,103.832848165751,2025-09-17
200752,2025-09,BUKIT PANJANG,3 ROOM,485,SEGAR RD,10 TO 12,67.0,Model A,2014,88 years 03 months,498000.0,485 SEGAR RD,670485,1.38868132378093,103.771312569429,2025-09-17
200769,2025-09,BUKIT PANJANG,4 ROOM,252,BANGKIT RD,10 TO 12,103.0,Model A,1989,62 years 09 months,555000.0,252 BANGKIT RD,670252,1.37995342761393,103.774058372456,2025-09-17
201051,2025-09,BUKIT PANJANG,4 ROOM,636C,SENJA RD,10 TO 12,92.0,Model A,2015,89 years 02 months,670000.0,636C SENJA RD,673636,1.38743454593269,103.759118571415,2025-09-17
201544,2025-09,CHOA CHU KANG,4 ROOM,249,CHOA CHU KANG AVE 2,01 TO 03,104.0,Model A,1993,66 years 10 months,520000.0,249 CHOA CHU KANG AVE 2,680249,1.37962407045143,103.745530138585,2025-09-17
201588,2025-09,CHOA CHU KANG,4 ROOM,404,CHOA CHU KANG AVE 3,04 TO 06,104.0,Model A,1993,66 years 09 months,550000.0,404 CHOA CHU KANG AVE 3,680404,1.38012964850802,103.738888788773,2025-09-17
201667,2025-09,CHOA CHU KANG,4 ROOM,489C,CHOA CHU KANG AVE 5,01 TO 03,93.0,Model A,2016,89 years 09 months,550000.0,489C CHOA CHU KANG AVE 5,683489,1.37605683547385,103.739806181184,2025-09-17
201737,2025-09,CHOA CHU KANG,4 ROOM,676,CHOA CHU KANG CRES,01 TO 03,104.0,Premium Apartment,1999,73 years 03 months,523000.0,676 CHOA CHU KANG CRES,680676,1.40191629081901,103.746188263266,2025-09-17
201968,2025-09,CHOA CHU KANG,5 ROOM,485D,CHOA CHU KANG AVE 5,01 TO 03,116.0,Improved,1999,72 years 09 months,600000.0,485D CHOA CHU KANG AVE 5,684485,1.37519914641013,103.738966077649,2025-09-17
202044,2025-09,CHOA CHU KANG,5 ROOM,685A,CHOA CHU KANG CRES,10 TO 12,110.0,Improved,2002,76 years 01 month,600000.0,685A CHOA CHU KANG CRES,681685,1.40378102388881,103.747662621714,2025-09-17
202073,2025-09,CHOA CHU KANG,5 ROOM,785,CHOA CHU KANG DR,16 TO 18,129.0,Improved,1997,70 years 05 months,750000.0,785 CHOA CHU KANG DR,680785,1.39485524508122,103.748044130582,2025-09-17
202122,2025-09,CHOA CHU KANG,5 ROOM,607,CHOA CHU KANG ST 62,04 TO 06,132.0,Model A,1996,69 years 07 months,743000.0,607 CHOA CHU KANG ST 62,680607,1.39901658579842,103.744182210841,2025-09-17
202291,2025-09,CLEMENTI,3 ROOM,351,CLEMENTI AVE 2,04 TO 06,67.0,New Generation,1978,52 years,410000.0,351 CLEMENTI AVE 2,120351,1.31535006995344,103.770861377512,2025-09-17
202375,2025-09,CLEMENTI,3 ROOM,326,CLEMENTI AVE 5,04 TO 06,67.0,New Generation,1978,52 years,453000.0,326 CLEMENTI AVE 5,120326,1.31443081636431,103.766358328432,2025-09-17
202573,2025-09,CLEMENTI,4 ROOM,346,CLEMENTI AVE 5,10 TO 12,92.0,New Generation,1979,52 years 06 months,609000.0,346 CLEMENTI AVE 5,120346,1.31701655142406,103.770055178868,2025-09-17
202738,2025-09,GEYLANG,3 ROOM,23,BALAM RD,01 TO 03,60.3,Standard,1967,40 years 04 months,290000.0,23 BALAM RD,370023,1.33097096666446,103.886540431592,2025-09-17
202927,2025-09,GEYLANG,4 ROOM,101,ALJUNIED CRES,07 TO 09,92.0,New Generation,1978,51 years 04 months,618000.0,101 ALJUNIED CRES,380101,1.32092275330579,103.883351967045,2025-09-17
203060,2025-09,GEYLANG,4 ROOM,44,SIMS DR,13 TO 15,88.0,Improved,1975,48 years 11 months,500000.0,44 SIMS DR,380044,1.31623521060435,103.876881159027,2025-09-17
203664,2025-09,HOUGANG,4 ROOM,19,HOUGANG AVE 3,01 TO 03,98.0,New Generation,1978,51 years 08 months,495000.0,19 HOUGANG AVE 3,530019,1.36378961600309,103.891813266061,2025-09-17
203789,2025-09,HOUGANG,4 ROOM,933A,HOUGANG AVE 9,01 TO 03,93.0,Model A,2017,91 years 02 months,685000.0,933A HOUGANG AVE 9,531933,1.37575796713264,103.882032792636,2025-09-17
203877,2025-09,HOUGANG,4 ROOM,129,LOR AH SOO,07 TO 09,105.0,Model A,1985,58 years 10 months,628888.0,129 LOR AH SOO,530129,1.35151849772357,103.887577515817,2025-09-17
204024,2025-09,HOUGANG,5 ROOM,434,HOUGANG AVE 8,01 TO 03,121.0,Improved,1989,62 years 09 months,775000.0,434 HOUGANG AVE 8,530434,1.37647221404827,103.893822113477,2025-09-17
204025,2025-09,HOUGANG,5 ROOM,610,HOUGANG AVE 8,13 TO 15,122.0,Improved,1986,59 years 11 months,825000.0,610 HOUGANG AVE 8,530610,1.37031263468239,103.88512562936,2025-09-17
204036,2025-09,HOUGANG,5 ROOM,923,HOUGANG AVE 9,10 TO 12,120.0,Improved,1998,71 years 05 months,770000.0,923 HOUGANG AVE 9,530923,1.37612888392923,103.882894860894,2025-09-17
204193,2025-09,JURONG EAST,3 ROOM,341,JURONG EAST AVE 1,04 TO 06,74.0,Model A,1983,56 years 08 months,432000.0,341 JURONG EAST AVE 1,600341,1.34920755762646,103.731256052741,2025-09-17
204438,2025-09,JURONG EAST,4 ROOM,270,TOH GUAN RD,19 TO 21,100.0,Model A,1999,72 years 06 months,695000.0,270 TOH GUAN RD,600270,1.34122974295897,103.7461193594,2025-09-17
205357,2025-09,JURONG WEST,5 ROOM,349,CORPORATION DR,01 TO 03,123.0,Improved,1997,71 years 03 months,575000.0,349 CORPORATION DR,610349,1.33953419646662,103.719166865639,2025-09-17
206298,2025-09,KALLANG/WHAMPOA,4 ROOM,8B,UPP BOON KENG RD,25 TO 27,95.0,Premium Apartment,2017,90 years 10 months,1188000.0,8B UPP BOON KENG RD,382008,1.31234447247543,103.869898299245,2025-09-17
206531,2025-09,MARINE PARADE,5 ROOM,12,MARINE TER,16 TO 18,120.0,Standard,1975,48 years 04 months,1018000.0,12 MARINE TER,440012,1.30460708550376,103.915739855584,2025-09-17
206586,2025-09,PASIR RIS,4 ROOM,640,PASIR RIS DR 1,10 TO 12,104.0,Model A,1995,68 years 07 months,633000.0,640 PASIR RIS DR 1,510640,1.37578465528493,103.94043022067,2025-09-17
206736,2025-09,PASIR RIS,4 ROOM,747,PASIR RIS ST 71,07 TO 09,105.0,Model A,1996,70 years 02 months,628000.0,747 PASIR RIS ST 71,510747,1.37922082554389,103.934555833334,2025-09-17
206776,2025-09,PASIR RIS,5 ROOM,429,PASIR RIS DR 6,10 TO 12,123.0,Improved,1990,63 years 05 months,745000.0,429 PASIR RIS DR 6,510429,1.37007368495954,103.956730877173,2025-09-17
206931,2025-09,PASIR RIS,EXECUTIVE,134,PASIR RIS ST 11,07 TO 09,147.0,Apartment,1994,67 years 08 months,853000.0,134 PASIR RIS ST 11,510134,1.36515238365719,103.956349944243,2025-09-17
207063,2025-09,PUNGGOL,3 ROOM,122B,EDGEDALE PLAINS,04 TO 06,68.0,Model A,2017,90 years 09 months,521000.0,122B EDGEDALE PLAINS,822122,1.39415009117251,103.909595974135,2025-09-17
207310,2025-09,PUNGGOL,4 ROOM,615C,EDGEFIELD PLAINS,16 TO 18,92.0,Model A,2012,86 years 03 months,720000.0,615C EDGEFIELD PLAINS,823615,1.40355883669341,103.910153513143,2025-09-17
207905,2025-09,PUNGGOL,5 ROOM,105B,EDGEFIELD PLAINS,04 TO 06,110.0,Improved,2003,76 years 09 months,650000.0,105B EDGEFIELD PLAINS,822105,1.39720646427031,103.906002280084,2025-09-17
208084,2025-09,PUNGGOL,5 ROOM,272C,PUNGGOL WALK,10 TO 12,116.0,Premium Apartment,2014,87 years 07 months,990000.0,272C PUNGGOL WALK,823272,1.40285706492636,103.900067172851,2025-09-17
208260,2025-09,QUEENSTOWN,3 ROOM,20,DOVER CRES,04 TO 06,65.0,Improved,1978,51 years 04 months,410000.0,20 DOVER CRES,130020,1.30672257350963,103.783524083089,2025-09-17
208458,2025-09,QUEENSTOWN,4 ROOM,91,DAWSON RD,37 TO 39,95.0,Premium Apartment Loft,2016,89 years 07 months,1350000.0,91 DAWSON RD,144091,1.29534041095665,103.812585191493,2025-09-17
210070,2025-09,SENGKANG,4 ROOM,211D,COMPASSVALE LANE,04 TO 06,93.0,Model A,2013,86 years 05 months,660000.0,211D COMPASSVALE LANE,544211,1.38552172050188,103.899866305926,2025-09-17
210402,2025-09,SENGKANG,4 ROOM,141,RIVERVALE ST,10 TO 12,100.0,Model A,1999,72 years 07 months,615000.0,141 RIVERVALE ST,540141,1.38977585018657,103.903968635913,2025-09-17
210455,2025-09,SENGKANG,4 ROOM,281B,SENGKANG EAST AVE,01 TO 03,92.0,Premium Apartment,2015,88 years 11 months,800000.0,281B SENGKANG EAST AVE,542281,1.38572827063194,103.891859598966,2025-09-17
210565,2025-09,SENGKANG,5 ROOM,319B,ANCHORVALE DR,10 TO 12,110.0,Improved,2002,75 years 11 months,690000.0,319B ANCHORVALE DR,542319,1.39139722657163,103.890466407379,2025-09-17
210591,2025-09,SENGKANG,5 ROOM,356B,ANCHORVALE LANE,01 TO 03,113.0,Improved,2021,94 years 05 months,788000.0,356B ANCHORVALE LANE,542356,1.39390663331416,103.884506817902,2025-09-17
210618,2025-09,SENGKANG,5 ROOM,306C,ANCHORVALE LINK,07 TO 09,110.0,Improved,2002,75 years 04 months,636888.0,306C ANCHORVALE LINK,543306,1.38988769881462,103.888114475259,2025-09-17
210653,2025-09,SENGKANG,5 ROOM,308B,ANCHORVALE RD,16 TO 18,110.0,Improved,2001,75 years 02 months,675000.0,308B ANCHORVALE RD,542308,1.38993095065831,103.886560729813,2025-09-17
210773,2025-09,SENGKANG,5 ROOM,262A,COMPASSVALE ST,13 TO 15,110.0,Improved,2001,74 years 07 months,738000.0,262A COMPASSVALE ST,541262,1.39554139723917,103.894940558522,2025-09-17
210831,2025-09,SENGKANG,5 ROOM,412B,FERNVALE LINK,07 TO 09,114.0,Premium Apartment,2004,77 years 08 months,700000.0,412B FERNVALE LINK,792412,1.38972509794045,103.877958882809,2025-09-17
210945,2025-09,SENGKANG,5 ROOM,117A,RIVERVALE DR,13 TO 15,115.0,Improved,2000,73 years 10 months,700000.0,117A RIVERVALE DR,541117,1.38317691810934,103.902596601727,2025-09-17
211155,2025-09,SERANGOON,3 ROOM,261,SERANGOON CTRL DR,01 TO 03,65.0,Simplified,1988,61 years 11 months,503000.0,261 SERANGOON CTRL DR,550261,1.35405255194874,103.872524450991,2025-09-17
211227,2025-09,SERANGOON,4 ROOM,328,SERANGOON AVE 3,07 TO 09,84.0,Simplified,1986,59 years 08 months,649000.0,328 SERANGOON AVE 3,550328,1.35028615875324,103.868352627161,2025-09-17
211515,2025-09,TAMPINES,3 ROOM,157,TAMPINES ST 12,07 TO 09,68.0,New Generation,1985,58 years 04 months,530000.0,157 TAMPINES ST 12,521157,1.35107329077378,103.945003856886,2025-09-17
212196,2025-09,TAMPINES,4 ROOM,450G,TAMPINES ST 42,07 TO 09,106.0,Model A,1996,70 years 02 months,730888.0,450G TAMPINES ST 42,527450,1.35836063792521,103.95287369311,2025-09-17
212267,2025-09,TAMPINES,4 ROOM,606B,TAMPINES ST 61,13 TO 15,92.0,Model A,2020,93 years 05 months,813000.0,606B TAMPINES ST 61,522606,1.36230165817252,103.937401758053,2025-09-17
212669,2025-09,TAMPINES,5 ROOM,345,TAMPINES ST 33,07 TO 09,126.0,Improved,1996,69 years 09 months,740000.0,345 TAMPINES ST 33,520345,1.3519187798588,103.962266861576,2025-09-17
213123,2025-09,TOA PAYOH,3 ROOM,18,LOR 7 TOA PAYOH,04 TO 06,67.0,Improved,1970,43 years 10 months,365000.0,18 LOR 7 TOA PAYOH,310018,1.33575723665506,103.856789628423,2025-09-17
213182,2025-09,TOA PAYOH,3 ROOM,177,TOA PAYOH CTRL,01 TO 03,67.0,Improved,1972,45 years 10 months,430000.0,177 TOA PAYOH CTRL,310177,1.33390034057387,103.848854818382,2025-09-17
213234,2025-09,TOA PAYOH,3 ROOM,7,UPP ALJUNIED LANE,01 TO 03,68.0,Model A,2017,90 years 05 months,600000.0,7 UPP ALJUNIED LANE,360007,1.33471455041652,103.878708329058,2025-09-17
213315,2025-09,TOA PAYOH,4 ROOM,102B,BIDADARI PK DR,10 TO 12,93.0,Model A,2021,94 years 09 months,1065000.0,102B BIDADARI PK DR,342102,1.33622045424375,103.871847066518,2025-09-17
213649,2025-09,TOA PAYOH,5 ROOM,50,LOR 5 TOA PAYOH,04 TO 06,123.0,Improved,1993,66 years 07 months,970000.0,50 LOR 5 TOA PAYOH,310050,1.33698988933191,103.852692901602,2025-09-17
213660,2025-09,TOA PAYOH,5 ROOM,14A,LOR 7 TOA PAYOH,13 TO 15,120.0,Improved,1998,71 years 11 months,965000.0,14A LOR 7 TOA PAYOH,311014,1.3362682080095,103.858315233952,2025-09-17
213689,2025-09,TOA PAYOH,EXECUTIVE,254,KIM KEAT AVE,01 TO 03,146.0,Maisonette,1989,62 years 04 months,905000.0,254 KIM KEAT AVE,310254,1.33173315408576,103.858329268353,2025-09-17
213909,2025-09,WOODLANDS,4 ROOM,5A,MARSILING DR,04 TO 06,90.0,Model A,2002,75 years 07 months,488000.0,5A MARSILING DR,732005,1.44008479628214,103.77520066007,2025-09-17
214275,2025-09,WOODLANDS,4 ROOM,681D,WOODLANDS DR 62,01 TO 03,104.0,Premium Apartment,2000,73 years 05 months,546000.0,681D WOODLANDS DR 62,734681,1.4399996612522,103.803592354961,2025-09-17
214548,2025-09,WOODLANDS,5 ROOM,347,WOODLANDS AVE 3,07 TO 09,122.0,Improved,1988,61 years 08 months,688000.0,347 WOODLANDS AVE 3,730347,1.43319140316565,103.781594917057,2025-09-17
214662,2025-09,WOODLANDS,5 ROOM,532,WOODLANDS DR 14,07 TO 09,124.0,Premium Apartment,1999,72 years 11 months,670000.0,532 WOODLANDS DR 14,730532,1.43080005523895,103.792373236242,2025-09-17
214695,2025-09,WOODLANDS,5 ROOM,586,WOODLANDS DR 16,10 TO 12,111.0,Improved,2001,74 years 09 months,655000.0,586 WOODLANDS DR 16,730586,1.42861439008497,103.794717960696,2025-09-17
214786,2025-09,WOODLANDS,5 ROOM,682C,WOODLANDS DR 73,10 TO 12,120.0,Premium Apartment,2000,73 years 05 months,672888.0,682C WOODLANDS DR 73,733682,1.44075549422421,103.804264107553,2025-09-17
214910,2025-09,WOODLANDS,5 ROOM,809,WOODLANDS ST 81,04 TO 06,128.0,Improved,1995,69 years 03 months,715000.0,809 WOODLANDS ST 81,730809,1.4430200355746,103.787915783822,2025-09-17
215099,2025-09,YISHUN,2 ROOM,478C,YISHUN ST 44,10 TO 12,47.0,2-room,2021,94 years 04 months,382000.0,478C YISHUN ST 44,763478,1.42978389948502,103.851190359773,2025-09-17
215303,2025-09,YISHUN,3 ROOM,114,YISHUN RING RD,07 TO 09,74.0,Model A,1983,56 years 10 months,423000.0,114 YISHUN RING RD,760114,1.43413792566359,103.827020312888,2025-09-17
215565,2025-09,YISHUN,4 ROOM,443,YISHUN AVE 11,10 TO 12,97.0,Model A,2012,85 years 10 months,636000.0,443 YISHUN AVE 11,760443,1.42381002085379,103.844973012516,2025-09-17
215854,2025-09,YISHUN,4 ROOM,795A,YISHUN RING RD,01 TO 03,89.0,Simplified,1986,60 years 03 months,560000.0,795A YISHUN RING RD,761795,1.41941184916032,103.832841344452,2025-09-17
215926,2025-09,YISHUN,4 ROOM,262,YISHUN ST 22,07 TO 09,104.0,Model A,1985,59 years 01 month,568000.0,262 YISHUN ST 22,760262,1.4357801119708,103.83917092486,2025-09-17
215927,2025-09,YISHUN,4 ROOM,280,YISHUN ST 22,01 TO 03,84.0,Simplified,1985,58 years 08 months,480000.0,280 YISHUN ST 22,760280,1.4385887342867,103.836954484546,2025-09-17
216252,2025-09,YISHUN,5 ROOM,308,YISHUN RING RD,01 TO 03,122.0,Improved,1988,61 years 09 months,635088.0,308 YISHUN RING RD,760308,1.43122983753347,103.840559963761,2025-09-17
216361,2025-09,YISHUN,EXECUTIVE,326,YISHUN RING RD,10 TO 12,146.0,Maisonette,1988,61 years 10 months,910000.0,326 YISHUN RING RD,760326,1.42955104737326,103.84243972426,2025-09-17
197038,2025-09,ANG MO KIO,3 ROOM,308A,ANG MO KIO AVE 1,13 TO 15,70.0,Model A,2012,86 years,625000.0,308A ANG MO KIO AVE 1,561308,1.36548342757106,103.844084739929,2025-09-18
197299,2025-09,ANG MO KIO,3 ROOM,170,ANG MO KIO AVE 4,07 TO 09,69.0,Improved,1986,59 years 04 months,487000.0,170 ANG MO KIO AVE 4,560170,1.37400071781295,103.83643153142,2025-09-18
197388,2025-09,ANG MO KIO,3 ROOM,507,ANG MO KIO AVE 8,01 TO 03,67.0,New Generation,1980,53 years 10 months,400000.0,507 ANG MO KIO AVE 8,560507,1.37443139933504,103.850157484705,2025-09-18
197508,2025-09,ANG MO KIO,4 ROOM,573,ANG MO KIO AVE 3,04 TO 06,92.0,New Generation,1979,52 years 09 months,537000.0,573 ANG MO KIO AVE 3,560573,1.37056143999067,103.854823102785,2025-09-18
197611,2025-09,ANG MO KIO,4 ROOM,591A,ANG MO KIO ST 51,28 TO 30,93.0,Model A,2019,92 years 05 months,1135000.0,591A ANG MO KIO ST 51,561591,1.37093324079314,103.851940766136,2025-09-18
197669,2025-09,ANG MO KIO,5 ROOM,176,ANG MO KIO AVE 4,10 TO 12,138.0,Model A,1993,66 years 07 months,965000.0,176 ANG MO KIO AVE 4,560176,1.3758482258358,103.83615719919,2025-09-18
197680,2025-09,ANG MO KIO,5 ROOM,725,ANG MO KIO AVE 6,13 TO 15,119.0,Improved,1980,53 years 09 months,843888.0,725 ANG MO KIO AVE 6,560725,1.37279081671095,103.846911241497,2025-09-18
198243,2025-09,BEDOK,4 ROOM,428,BEDOK NTH RD,10 TO 12,92.0,New Generation,1979,52 years 05 months,565000.0,428 BEDOK NTH RD,460428,1.32953994162628,103.9276500842,2025-09-18
198647,2025-09,BEDOK,EXECUTIVE,664,JLN DAMAI,07 TO 09,143.0,Apartment,1996,70 years,1085000.0,664 JLN DAMAI,410664,1.33414870173697,103.909005592246,2025-09-18
198877,2025-09,BISHAN,5 ROOM,157,BISHAN ST 13,10 TO 12,121.0,Improved,1988,61 years 04 months,1020000.0,157 BISHAN ST 13,570157,1.34605755352171,103.856679995938,2025-09-18
198916,2025-09,BISHAN,5 ROOM,402,SIN MING AVE,16 TO 18,120.0,Improved,1986,59 years 04 months,1008888.0,402 SIN MING AVE,570402,1.36276886630643,103.832758890176,2025-09-18
198936,2025-09,BISHAN,EXECUTIVE,222,BISHAN ST 23,04 TO 06,146.0,Maisonette,1992,65 years 11 months,1200000.0,222 BISHAN ST 23,570222,1.3580352499992,103.848208486822,2025-09-18
198966,2025-09,BUKIT BATOK,2 ROOM,450D,BT BATOK WEST AVE 6,16 TO 18,47.0,Model A,2019,92 years 06 months,410000.0,450D BT BATOK WEST AVE 6,654450,1.35266810573153,103.74396208468,2025-09-18
199144,2025-09,BUKIT BATOK,3 ROOM,533,BT BATOK ST 51,07 TO 09,69.0,Improved,1988,61 years 05 months,420000.0,533 BT BATOK ST 51,650533,1.35587908699049,103.749799126312,2025-09-18
199170,2025-09,BUKIT BATOK,3 ROOM,420,BT BATOK WEST AVE 2,01 TO 03,68.0,New Generation,1988,61 years 08 months,375000.0,420 BT BATOK WEST AVE 2,650420,1.36255043035847,103.745770795352,2025-09-18
199187,2025-09,BUKIT BATOK,3 ROOM,435B,BT BATOK WEST AVE 5,13 TO 15,68.0,Model A,2020,93 years 05 months,530000.0,435B BT BATOK WEST AVE 5,652435,1.35882272265832,103.740404826736,2025-09-18
199349,2025-09,BUKIT BATOK,4 ROOM,209,BT BATOK ST 21,10 TO 12,116.0,Model A,1985,58 years 06 months,681888.0,209 BT BATOK ST 21,650209,1.34548843030138,103.748737963222,2025-09-18
199465,2025-09,BUKIT BATOK,4 ROOM,416,BT BATOK WEST AVE 4,07 TO 09,103.0,Model A,1987,61 years 02 months,560000.0,416 BT BATOK WEST AVE 4,650416,1.36323334513612,103.745988532649,2025-09-18
200208,2025-09,BUKIT MERAH,3 ROOM,44,TELOK BLANGAH DR,07 TO 09,65.0,Improved,1976,49 years 04 months,415000.0,44 TELOK BLANGAH DR,100044,1.27140883340015,103.810887524155,2025-09-18
200599,2025-09,BUKIT MERAH,5 ROOM,104A,DEPOT RD,04 TO 06,116.0,Improved,2000,73 years 10 months,810000.0,104A DEPOT RD,101104,1.28045561330579,103.812317740785,2025-09-18
201067,2025-09,BUKIT PANJANG,4 ROOM,629,SENJA RD,16 TO 18,93.0,Premium Apartment,2004,78 years 02 months,600000.0,629 SENJA RD,670629,1.38652802373559,103.759278980746,2025-09-18
201113,2025-09,BUKIT PANJANG,5 ROOM,442D,FAJAR RD,10 TO 12,113.0,Improved,2016,90 years 03 months,770000.0,442D FAJAR RD,674442,1.38092147169303,103.770840739111,2025-09-18
201205,2025-09,BUKIT PANJANG,5 ROOM,468,SEGAR RD,10 TO 12,115.0,Premium Apartment,2002,75 years 10 months,613000.0,468 SEGAR RD,670468,1.38748261821031,103.77346717088,2025-09-18
201261,2025-09,BUKIT PANJANG,EXECUTIVE,422,FAJAR RD,04 TO 06,146.0,Maisonette,1988,62 years 03 months,845000.0,422 FAJAR RD,670422,1.38501326288105,103.769678527968,2025-09-18
201409,2025-09,CENTRAL AREA,4 ROOM,233,BAIN ST,10 TO 12,82.0,Improved,1980,53 years 08 months,828000.0,233 BAIN ST,180233,1.29679486357103,103.853907185582,2025-09-18
201517,2025-09,CHOA CHU KANG,3 ROOM,801B,KEAT HONG CL,07 TO 09,67.0,Model A,2018,91 years 05 months,495000.0,801B KEAT HONG CL,682801,1.37582471905172,103.742823385612,2025-09-18
201849,2025-09,CHOA CHU KANG,4 ROOM,614,CHOA CHU KANG ST 62,04 TO 06,107.0,Model A,1996,69 years 09 months,595000.0,614 CHOA CHU KANG ST 62,680614,1.40106749729864,103.744024958299,2025-09-18
201950,2025-09,CHOA CHU KANG,5 ROOM,296E,CHOA CHU KANG AVE 2,07 TO 09,123.0,Premium Apartment,1999,72 years 10 months,570000.0,296E CHOA CHU KANG AVE 2,685296,1.37691701980975,103.743047128967,2025-09-18
202070,2025-09,CHOA CHU KANG,5 ROOM,664,CHOA CHU KANG CRES,19 TO 21,124.0,Improved,1999,72 years 09 months,700000.0,664 CHOA CHU KANG CRES,680664,1.40229618504156,103.750438456359,2025-09-18
202082,2025-09,CHOA CHU KANG,5 ROOM,213,CHOA CHU KANG CTRL,07 TO 09,122.0,Improved,1989,62 years 07 months,655000.0,213 CHOA CHU KANG CTRL,680213,1.38217295387287,103.747211973147,2025-09-18
202188,2025-09,CHOA CHU KANG,5 ROOM,817B,KEAT HONG LINK,10 TO 12,112.0,Improved,2017,91 years,760000.0,817B KEAT HONG LINK,682817,1.37708774602652,103.748768050663,2025-09-18
202219,2025-09,CHOA CHU KANG,EXECUTIVE,275,CHOA CHU KANG AVE 2,07 TO 09,147.0,Apartment,1993,66 years 10 months,858000.0,275 CHOA CHU KANG AVE 2,680275,1.37927559119004,103.742229694175,2025-09-18
202247,2025-09,CHOA CHU KANG,EXECUTIVE,208,CHOA CHU KANG CTRL,04 TO 06,149.0,Maisonette,1989,62 years 11 months,860800.0,208 CHOA CHU KANG CTRL,680208,1.38146075573503,103.748182713332,2025-09-18
202614,2025-09,CLEMENTI,4 ROOM,208A,CLEMENTI AVE 6,28 TO 30,93.0,Model A,2017,91 years 02 months,1065000.0,208A CLEMENTI AVE 6,121208,1.3219234293777,103.762384826925,2025-09-18
203646,2025-09,HOUGANG,4 ROOM,123,HOUGANG AVE 1,10 TO 12,91.0,New Generation,1981,55 years,570000.0,123 HOUGANG AVE 1,530123,1.35338313924634,103.88625894527,2025-09-18
203670,2025-09,HOUGANG,4 ROOM,405,HOUGANG AVE 10,07 TO 09,104.0,New Generation,1985,59 years 03 months,688000.0,405 HOUGANG AVE 10,530405,1.37404969557747,103.896459281626,2025-09-18
203844,2025-09,HOUGANG,4 ROOM,376A,HOUGANG ST 32,07 TO 09,92.0,Model A,2016,89 years 06 months,710000.0,376A HOUGANG ST 32,531376,1.36346009799329,103.893576325679,2025-09-18
204063,2025-09,HOUGANG,5 ROOM,627,HOUGANG AVE 8,13 TO 15,122.0,Improved,1986,59 years 10 months,838888.0,627 HOUGANG AVE 8,530627,1.36921863405824,103.881883113541,2025-09-18
204091,2025-09,HOUGANG,5 ROOM,573,HOUGANG ST 51,07 TO 09,117.0,Improved,1997,70 years 10 months,745000.0,573 HOUGANG ST 51,530573,1.377556511693,103.887555722487,2025-09-18
204208,2025-09,HOUGANG,EXECUTIVE,972,HOUGANG ST 91,01 TO 03,137.0,Apartment,1999,73 years 02 months,815000.0,972 HOUGANG ST 91,530972,1.37822040565811,103.879420458522,2025-09-18
204219,2025-09,JURONG EAST,2 ROOM,371,JURONG EAST ST 32,04 TO 06,44.0,Model A,2014,87 years 05 months,344000.0,371 JURONG EAST ST 32,600371,1.3483083591294,103.731919903016,2025-09-18
204557,2025-09,JURONG EAST,5 ROOM,285D,TOH GUAN RD,01 TO 03,121.0,Improved,1998,72 years 03 months,720000.0,285D TOH GUAN RD,604285,1.33789020611793,103.746039348397,2025-09-18
204614,2025-09,JURONG WEST,2 ROOM,560A,JURONG WEST ST 42,16 TO 18,47.0,Model A,2018,91 years 05 months,383000.0,560A JURONG WEST ST 42,641560,1.3533579932237,103.719829055981,2025-09-18
204893,2025-09,JURONG WEST,3 ROOM,138A,YUAN CHING RD,16 TO 18,67.0,DBSS,2014,88 years,600000.0,138A YUAN CHING RD,611138,1.32793696486555,103.7241782483,2025-09-18
205092,2025-09,JURONG WEST,4 ROOM,528,JURONG WEST ST 52,04 TO 06,95.0,New Generation,1983,56 years 08 months,530000.0,528 JURONG WEST ST 52,640528,1.34832160433383,103.716955768923,2025-09-18
205288,2025-09,JURONG WEST,4 ROOM,950,JURONG WEST ST 91,07 TO 09,105.0,Model A,1989,62 years 08 months,500000.0,950 JURONG WEST ST 91,640950,1.3434262949173,103.690924219836,2025-09-18
205289,2025-09,JURONG WEST,4 ROOM,953,JURONG WEST ST 91,04 TO 06,103.0,Model A,1989,62 years 10 months,520000.0,953 JURONG WEST ST 91,640953,1.34234942956379,103.690874115788,2025-09-18
205376,2025-09,JURONG WEST,4 ROOM,184,YUNG SHENG RD,16 TO 18,95.0,Model A,2001,74 years 07 months,548000.0,184 YUNG SHENG RD,610184,1.33332140109047,103.722288614113,2025-09-18
205654,2025-09,JURONG WEST,5 ROOM,837,JURONG WEST ST 81,13 TO 15,135.0,Model A,1993,66 years 09 months,670000.0,837 JURONG WEST ST 81,640837,1.34307732968771,103.692906031929,2025-09-18
205718,2025-09,JURONG WEST,5 ROOM,359,YUNG AN RD,13 TO 15,127.0,Improved,1995,69 years 02 months,690000.0,359 YUNG AN RD,610359,1.33611140347869,103.721401018416,2025-09-18
206162,2025-09,KALLANG/WHAMPOA,4 ROOM,12,FARRER PK RD,10 TO 12,90.0,Model A,2004,77 years 09 months,888000.0,12 FARRER PK RD,210012,1.31198113120325,103.851638487106,2025-09-18
206408,2025-09,KALLANG/WHAMPOA,5 ROOM,11,JLN BATU,07 TO 09,129.0,Improved,1986,59 years 04 months,980000.0,11 JLN BATU,431011,1.30169639051101,103.882578686361,2025-09-18
206410,2025-09,KALLANG/WHAMPOA,5 ROOM,102,JLN DUSUN,04 TO 06,118.0,Improved,1981,55 years 03 months,862000.0,102 JLN DUSUN,320102,1.3278687431847,103.844209602863,2025-09-18
206531,2025-09,MARINE PARADE,3 ROOM,6,MARINE TER,10 TO 12,76.0,Improved,1975,48 years 04 months,562000.0,6 MARINE TER,440006,1.30378544168669,103.916495343331,2025-09-18
206696,2025-09,PASIR RIS,4 ROOM,426,PASIR RIS DR 6,07 TO 09,84.0,Simplified,1988,62 years 01 month,560000.0,426 PASIR RIS DR 6,510426,1.36996833213481,103.956002614221,2025-09-18
206859,2025-09,PASIR RIS,5 ROOM,143,PASIR RIS ST 11,07 TO 09,125.0,Improved,1995,68 years 04 months,750000.0,143 PASIR RIS ST 11,510143,1.36198405238232,103.960695828184,2025-09-18
206952,2025-09,PASIR RIS,EXECUTIVE,607,ELIAS RD,01 TO 03,155.0,Apartment,1995,68 years 10 months,950000.0,607 ELIAS RD,510607,1.37638608282285,103.942462589515,2025-09-18
206973,2025-09,PASIR RIS,EXECUTIVE,460,PASIR RIS DR 4,10 TO 12,142.0,Apartment,1992,66 years 03 months,905000.0,460 PASIR RIS DR 4,510460,1.37095910000001,103.959051431497,2025-09-18
207107,2025-09,PUNGGOL,2 ROOM,224C,SUMANG LANE,16 TO 18,48.0,Model A,2018,92 years 04 months,430000.0,224C SUMANG LANE,823224,1.40150839589079,103.894127051818,2025-09-18
207374,2025-09,PUNGGOL,4 ROOM,107B,EDGEFIELD PLAINS,10 TO 12,90.0,Model A,2003,76 years 06 months,590888.0,107B EDGEFIELD PLAINS,822107,1.39683723523598,103.907248151565,2025-09-18
207532,2025-09,PUNGGOL,4 ROOM,635A,PUNGGOL DR,10 TO 12,91.0,Premium Apartment,2007,81 years 03 months,655000.0,635A PUNGGOL DR,821635,1.40094910812947,103.913777389579,2025-09-18
207688,2025-09,PUNGGOL,4 ROOM,207A,PUNGGOL PL,10 TO 12,92.0,Model A,2014,87 years 09 months,706000.0,207A PUNGGOL PL,821207,1.40028667892624,103.901012370624,2025-09-18
208102,2025-09,PUNGGOL,5 ROOM,197B,PUNGGOL FIELD,13 TO 15,110.0,Improved,2003,76 years 08 months,676888.0,197B PUNGGOL FIELD,822197,1.40013151118101,103.906647584844,2025-09-18
208586,2025-09,QUEENSTOWN,4 ROOM,3,HOLLAND CL,16 TO 18,105.0,Model A,1998,72 years 02 months,1106000.0,3 HOLLAND CL,271003,1.30820871253395,103.796638881502,2025-09-18
208650,2025-09,QUEENSTOWN,4 ROOM,49,STRATHMORE AVE,01 TO 03,90.0,Model A,2006,79 years 10 months,918000.0,49 STRATHMORE AVE,140049,1.29402164281341,103.808212801667,2025-09-18
208935,2025-09,SEMBAWANG,4 ROOM,356A,ADMIRALTY DR,04 TO 06,95.0,Premium Apartment,2001,74 years 09 months,568000.0,356A ADMIRALTY DR,751356,1.44944134467676,103.816852385344,2025-09-18
208961,2025-09,SEMBAWANG,4 ROOM,490,ADMIRALTY LINK,13 TO 15,94.0,Model A,2010,83 years 11 months,580000.0,490 ADMIRALTY LINK,750490,1.45529973571916,103.817240683169,2025-09-18
209017,2025-09,SEMBAWANG,4 ROOM,120A,CANBERRA CRES,10 TO 12,93.0,Model A,2018,91 years 05 months,708888.0,120A CANBERRA CRES,751120,1.446140802959,103.832236151361,2025-09-18
209633,2025-09,SEMBAWANG,EXECUTIVE,468C,ADMIRALTY DR,16 TO 18,137.0,Premium Apartment,2001,74 years 08 months,710000.0,468C ADMIRALTY DR,753468,1.45030915760096,103.814877754821,2025-09-18
209950,2025-09,SENGKANG,4 ROOM,353B,ANCHORVALE LANE,04 TO 06,93.0,Model A,2021,94 years 05 months,660000.0,353B ANCHORVALE LANE,542353,1.39434782021906,103.88585684721,2025-09-18
210366,2025-09,SENGKANG,4 ROOM,434B,FERNVALE RD,13 TO 15,94.0,Premium Apartment,2013,86 years 09 months,600000.0,434B FERNVALE RD,792434,1.39460960429021,103.876585517065,2025-09-18
210367,2025-09,SENGKANG,4 ROOM,434B,FERNVALE RD,22 TO 24,94.0,Premium Apartment,2013,86 years 09 months,648000.0,434B FERNVALE RD,792434,1.39460960429021,103.876585517065,2025-09-18
210623,2025-09,SENGKANG,4 ROOM,469C,SENGKANG WEST WAY,16 TO 18,93.0,Model A,2016,89 years 11 months,630000.0,469C SENGKANG WEST WAY,793469,1.39632353747039,103.877422028405,2025-09-18
210804,2025-09,SENGKANG,5 ROOM,205C,COMPASSVALE LANE,10 TO 12,122.0,Improved,1999,72 years 09 months,728888.0,205C COMPASSVALE LANE,543205,1.38609075927476,103.896503892256,2025-09-18
210916,2025-09,SENGKANG,5 ROOM,440B,FERNVALE LINK,16 TO 18,113.0,Improved,2015,88 years 10 months,808000.0,440B FERNVALE LINK,792440,1.39329062882167,103.878138964178,2025-09-18
211046,2025-09,SENGKANG,5 ROOM,107,RIVERVALE WALK,16 TO 18,124.0,Improved,1999,72 years 06 months,750000.0,107 RIVERVALE WALK,540107,1.38300501325196,103.900272453522,2025-09-18
211047,2025-09,SENGKANG,5 ROOM,110,RIVERVALE WALK,01 TO 03,120.0,Improved,1999,72 years 05 months,605000.0,110 RIVERVALE WALK,540110,1.38349233528457,103.900312363452,2025-09-18
211079,2025-09,SENGKANG,5 ROOM,260A,SENGKANG EAST WAY,13 TO 15,110.0,Improved,2001,74 years 04 months,670000.0,260A SENGKANG EAST WAY,541260,1.39314109071501,103.895569385627,2025-09-18
211150,2025-09,SENGKANG,EXECUTIVE,204D,COMPASSVALE DR,07 TO 09,130.0,Apartment,2001,74 years 05 months,922888.0,204D COMPASSVALE DR,544204,1.38765175971489,103.895336027145,2025-09-18
211234,2025-09,SERANGOON,3 ROOM,219,SERANGOON AVE 4,10 TO 12,67.0,New Generation,1984,58 years 03 months,485000.0,219 SERANGOON AVE 4,550219,1.35835882532411,103.872182035504,2025-09-18
211241,2025-09,SERANGOON,3 ROOM,203,SERANGOON CTRL,10 TO 12,64.0,Simplified,1986,59 years 05 months,588000.0,203 SERANGOON CTRL,550203,1.35207840850205,103.873288881871,2025-09-18
211532,2025-09,TAMPINES,3 ROOM,878B,TAMPINES AVE 8,07 TO 09,68.0,Model A,2017,90 years 09 months,572000.0,878B TAMPINES AVE 8,522878,1.35092636694988,103.929191231421,2025-09-18
211918,2025-09,TAMPINES,4 ROOM,880,TAMPINES AVE 8,07 TO 09,108.0,Model A,1988,61 years 07 months,668888.0,880 TAMPINES AVE 8,520880,1.35132608158852,103.931478803668,2025-09-18
212129,2025-09,TAMPINES,4 ROOM,613B,TAMPINES NTH DR 1,01 TO 03,93.0,Model A,2020,94 years 01 month,725000.0,613B TAMPINES NTH DR 1,522613,1.366081228979,103.936008325034,2025-09-18
212264,2025-09,TAMPINES,4 ROOM,371,TAMPINES ST 34,07 TO 09,107.0,Model A,1995,69 years,632888.0,371 TAMPINES ST 34,520371,1.3570908947321,103.958597718781,2025-09-18
212396,2025-09,TAMPINES,4 ROOM,724,TAMPINES ST 71,10 TO 12,103.0,Model A,1997,70 years 11 months,680000.0,724 TAMPINES ST 71,520724,1.35684229419395,103.934951160364,2025-09-18
212698,2025-09,TAMPINES,5 ROOM,610A,TAMPINES NTH DR 1,04 TO 06,113.0,Improved,2020,94 years 01 month,870000.0,610A TAMPINES NTH DR 1,521610,1.36449829827687,103.936915541696,2025-09-18
212713,2025-09,TAMPINES,5 ROOM,256,TAMPINES ST 21,10 TO 12,121.0,Improved,1984,58 years 03 months,748888.0,256 TAMPINES ST 21,522256,1.35323572708512,103.949946614899,2025-09-18
212737,2025-09,TAMPINES,5 ROOM,230,TAMPINES ST 24,01 TO 03,121.0,Improved,1985,58 years 06 months,728000.0,230 TAMPINES ST 24,524230,1.35593242580821,103.952746609869,2025-09-18
213010,2025-09,TOA PAYOH,2 ROOM,161,LOR 1 TOA PAYOH,04 TO 06,41.0,Improved,1972,45 years 04 months,280000.0,161 LOR 1 TOA PAYOH,310161,1.33050932305378,103.845003635197,2025-09-18
213271,2025-09,TOA PAYOH,3 ROOM,104,POTONG PASIR AVE 1,13 TO 15,74.0,Model A,1984,58 years 02 months,600000.0,104 POTONG PASIR AVE 1,350104,1.3343391689203,103.869158899303,2025-09-18
213517,2025-09,TOA PAYOH,4 ROOM,146,LOR 2 TOA PAYOH,22 TO 24,91.0,Model A,2006,79 years 04 months,980000.0,146 LOR 2 TOA PAYOH,310146,1.33466409464552,103.846451369821,2025-09-18
213892,2025-09,WOODLANDS,3 ROOM,180A,MARSILING RD,25 TO 27,66.0,Model A,2015,88 years 10 months,490000.0,180A MARSILING RD,731180,1.43904320861563,103.778109726656,2025-09-18
214179,2025-09,WOODLANDS,4 ROOM,782C,WOODLANDS CRES,01 TO 03,92.0,Model A,2015,88 years 09 months,545888.0,782C WOODLANDS CRES,733782,1.44768422279415,103.803460439858,2025-09-18
214384,2025-09,WOODLANDS,4 ROOM,681B,WOODLANDS DR 62,04 TO 06,101.0,Premium Apartment,2000,73 years 05 months,575500.0,681B WOODLANDS DR 62,732681,1.43932470475883,103.803324088659,2025-09-18
214421,2025-09,WOODLANDS,4 ROOM,691B,WOODLANDS DR 73,01 TO 03,93.0,Model A,2018,91 years 09 months,610000.0,691B WOODLANDS DR 73,732691,1.44029961420554,103.805892481401,2025-09-18
214483,2025-09,WOODLANDS,4 ROOM,644,WOODLANDS RING RD,01 TO 03,101.0,Model A,1998,71 years 10 months,545000.0,644 WOODLANDS RING RD,730644,1.43690908549732,103.801599442682,2025-09-18
214591,2025-09,WOODLANDS,4 ROOM,413,WOODLANDS ST 41,04 TO 06,106.0,Model A,1996,69 years 04 months,560000.0,413 WOODLANDS ST 41,730413,1.42777471473111,103.772774411973,2025-09-18
214673,2025-09,WOODLANDS,5 ROOM,613,WOODLANDS AVE 4,10 TO 12,120.0,Improved,1998,71 years 11 months,710000.0,613 WOODLANDS AVE 4,730613,1.4344285097579,103.796826266544,2025-09-18
214718,2025-09,WOODLANDS,5 ROOM,751,WOODLANDS CIRCLE,07 TO 09,122.0,Improved,1998,71 years 04 months,680000.0,751 WOODLANDS CIRCLE,730751,1.44509002890707,103.794198948112,2025-09-18
214935,2025-09,WOODLANDS,5 ROOM,690F,WOODLANDS DR 75,10 TO 12,110.0,Premium Apartment,2004,77 years 04 months,595000.0,690F WOODLANDS DR 75,736690,1.44268598668095,103.807433131663,2025-09-18
215068,2025-09,WOODLANDS,EXECUTIVE,788D,WOODLANDS CRES,07 TO 09,143.0,Maisonette,1999,72 years 08 months,868888.0,788D WOODLANDS CRES,734788,1.44391581880003,103.802554333627,2025-09-18
215582,2025-09,YISHUN,3 ROOM,763,YISHUN ST 72,04 TO 06,77.0,Simplified,1987,60 years 06 months,435000.0,763 YISHUN ST 72,760763,1.42536203078616,103.834545610712,2025-09-18
215989,2025-09,YISHUN,4 ROOM,124,YISHUN ST 11,10 TO 12,91.0,New Generation,1985,58 years 11 months,515000.0,124 YISHUN ST 11,760124,1.43459030044018,103.831139296919,2025-09-18
216010,2025-09,YISHUN,4 ROOM,223,YISHUN ST 21,10 TO 12,96.0,New Generation,1986,59 years 04 months,538000.0,223 YISHUN ST 21,760223,1.43436727337775,103.835602685564,2025-09-18
197509,2025-09,ANG MO KIO,4 ROOM,423,ANG MO KIO AVE 3,04 TO 06,108.0,Model A,1993,66 years 07 months,748888.0,423 ANG MO KIO AVE 3,560423,1.36876058776016,103.851771128044,2025-09-19
197613,2025-09,ANG MO KIO,4 ROOM,590B,ANG MO KIO ST 51,28 TO 30,93.0,Model A,2019,92 years 05 months,1090000.0,590B ANG MO KIO ST 51,562590,1.37118642598512,103.852980282648,2025-09-19
197685,2025-09,ANG MO KIO,5 ROOM,620,ANG MO KIO AVE 9,10 TO 12,121.0,Improved,1980,54 years 01 month,780000.0,620 ANG MO KIO AVE 9,560620,1.38244082944044,103.839546376827,2025-09-19
197699,2025-09,ANG MO KIO,5 ROOM,315B,ANG MO KIO ST 31,01 TO 03,110.0,Improved,2006,79 years 04 months,838000.0,315B ANG MO KIO ST 31,563315,1.36402757273373,103.847478724527,2025-09-19
198038,2025-09,BEDOK,3 ROOM,150,BEDOK RESERVOIR RD,04 TO 06,63.0,Simplified,1988,61 years 10 months,450000.0,150 BEDOK RESERVOIR RD,470150,1.33615375353551,103.912672307759,2025-09-19
198828,2025-09,BISHAN,4 ROOM,267,BISHAN ST 24,04 TO 06,103.0,Model A,1992,65 years 11 months,822000.0,267 BISHAN ST 24,570267,1.35763464029646,103.842813287198,2025-09-19
199239,2025-09,BUKIT BATOK,3 ROOM,129,BT BATOK WEST AVE 6,01 TO 03,73.0,Model A,1984,58 years 01 month,408000.0,129 BT BATOK WEST AVE 6,650129,1.35142975219106,103.746030739669,2025-09-19
199555,2025-09,BUKIT BATOK,4 ROOM,450C,BT BATOK WEST AVE 6,10 TO 12,93.0,Model A,2019,92 years 06 months,680000.0,450C BT BATOK WEST AVE 6,653450,1.35204142276072,103.743844813254,2025-09-19
200063,2025-09,BUKIT MERAH,3 ROOM,22,HAVELOCK RD,01 TO 03,64.0,Standard,1969,42 years 11 months,388000.0,22 HAVELOCK RD,160022,1.28874603704088,103.828824191655,2025-09-19
200435,2025-09,BUKIT MERAH,4 ROOM,26C,JLN MEMBINA,19 TO 21,90.0,Model A,2009,82 years 04 months,990000.0,26C JLN MEMBINA,166026,1.28275797395281,103.825205576961,2025-09-19
200473,2025-09,BUKIT MERAH,4 ROOM,119C,KIM TIAN RD,13 TO 15,92.0,Model A,2003,76 years 09 months,930000.0,119C KIM TIAN RD,163119,1.28148915140735,103.827671951512,2025-09-19
200529,2025-09,BUKIT MERAH,4 ROOM,56,TELOK BLANGAH HTS,07 TO 09,91.0,New Generation,1976,50 years,540000.0,56 TELOK BLANGAH HTS,100056,1.27425274045994,103.812429094644,2025-09-19
200662,2025-09,BUKIT MERAH,5 ROOM,122,KIM TIAN RD,07 TO 09,127.0,Improved,1995,68 years 11 months,1218000.0,122 KIM TIAN RD,160122,1.28339187402842,103.82889400724,2025-09-19
200679,2025-09,BUKIT MERAH,5 ROOM,76A,REDHILL RD,22 TO 24,115.0,Improved,2005,79 years 03 months,1188000.0,76A REDHILL RD,151076,1.28871631968437,103.816854593836,2025-09-19
200786,2025-09,BUKIT PANJANG,3 ROOM,633A,SENJA RD,22 TO 24,67.0,Model A,2013,87 years 03 months,540000.0,633A SENJA RD,671633,1.38558640738414,103.758340839001,2025-09-19
201086,2025-09,BUKIT PANJANG,4 ROOM,631,SENJA RD,04 TO 06,95.0,Premium Apartment,2004,78 years 01 month,590000.0,631 SENJA RD,670631,1.38647806662619,103.760256469034,2025-09-19
201388,2025-09,CENTRAL AREA,3 ROOM,9,SELEGIE RD,01 TO 03,56.0,Standard,1974,47 years 05 months,410000.0,9 SELEGIE RD,180009,1.30346096156272,103.850709313633,2025-09-19
201389,2025-09,CENTRAL AREA,3 ROOM,9,SELEGIE RD,10 TO 12,58.0,Standard,1974,47 years 05 months,436000.0,9 SELEGIE RD,180009,1.30346096156272,103.850709313633,2025-09-19
201575,2025-09,CHOA CHU KANG,4 ROOM,818C,CHOA CHU KANG AVE 1,04 TO 06,92.0,Model A,2017,91 years,619000.0,818C CHOA CHU KANG AVE 1,683818,1.37672184041416,103.748150083183,2025-09-19
201713,2025-09,CHOA CHU KANG,4 ROOM,484B,CHOA CHU KANG AVE 5,04 TO 06,100.0,Model A,1999,72 years 07 months,520000.0,484B CHOA CHU KANG AVE 5,682484,1.37623030762822,103.736338345807,2025-09-19
201784,2025-09,CHOA CHU KANG,4 ROOM,670A,CHOA CHU KANG CRES,10 TO 12,104.0,Premium Apartment,1999,73 years 03 months,553000.0,670A CHOA CHU KANG CRES,681670,1.4026789634991,103.747562464245,2025-09-19
202361,2025-09,CLEMENTI,3 ROOM,428,CLEMENTI AVE 3,01 TO 03,67.0,New Generation,1978,51 years 08 months,423000.0,428 CLEMENTI AVE 3,120428,1.31251199063401,103.763268836507,2025-09-19
202888,2025-09,GEYLANG,3 ROOM,66,CIRCUIT RD,10 TO 12,56.0,Standard,1967,40 years 04 months,350000.0,66 CIRCUIT RD,370066,1.32653588159213,103.887672820976,2025-09-19
203699,2025-09,HOUGANG,4 ROOM,406,HOUGANG AVE 10,01 TO 03,91.0,New Generation,1985,59 years 03 months,605000.0,406 HOUGANG AVE 10,530406,1.3736394979687,103.896187663804,2025-09-19
203740,2025-09,HOUGANG,4 ROOM,662,HOUGANG AVE 4,07 TO 09,104.0,Model A,1987,61 years,615000.0,662 HOUGANG AVE 4,530662,1.37437689393173,103.882874917484,2025-09-19
204601,2025-09,JURONG EAST,EXECUTIVE,287D,JURONG EAST ST 21,01 TO 03,145.0,Maisonette,1998,71 years 09 months,990000.0,287D JURONG EAST ST 21,604287,1.33786938805889,103.744114430465,2025-09-19
204881,2025-09,JURONG WEST,3 ROOM,508,JURONG WEST ST 52,04 TO 06,91.0,Model A,1986,59 years 07 months,500000.0,508 JURONG WEST ST 52,640508,1.34872718063365,103.718715391434,2025-09-19
204882,2025-09,JURONG WEST,3 ROOM,518,JURONG WEST ST 52,07 TO 09,79.0,Model A,1984,58 years 02 months,500000.0,518 JURONG WEST ST 52,640518,1.34508681384068,103.717978485296,2025-09-19
204982,2025-09,JURONG WEST,4 ROOM,366,CORPORATION DR,07 TO 09,104.0,Model A,1997,70 years 11 months,550000.0,366 CORPORATION DR,610366,1.33789108289201,103.71968139193,2025-09-19
205456,2025-09,JURONG WEST,5 ROOM,273A,JURONG WEST AVE 3,07 TO 09,111.0,Improved,2001,75 years 04 months,580000.0,273A JURONG WEST AVE 3,641273,1.35145036166323,103.703485290422,2025-09-19
205560,2025-09,JURONG WEST,5 ROOM,650B,JURONG WEST ST 61,01 TO 03,110.0,Improved,2000,74 years 01 month,620000.0,650B JURONG WEST ST 61,642650,1.33799830622318,103.696320084561,2025-09-19
206253,2025-09,KALLANG/WHAMPOA,4 ROOM,16,JLN TENTERAM,04 TO 06,75.0,Model A,2002,76 years,578000.0,16 JLN TENTERAM,321016,1.32813370856146,103.85955995036,2025-09-19
206735,2025-09,PASIR RIS,4 ROOM,427,PASIR RIS DR 6,04 TO 06,104.0,Model A,1988,62 years 02 months,624000.0,427 PASIR RIS DR 6,510427,1.37030649259799,103.956014968641,2025-09-19
206802,2025-09,PASIR RIS,4 ROOM,526A,PASIR RIS ST 51,07 TO 09,93.0,Model A,2015,88 years 10 months,760000.0,526A PASIR RIS ST 51,511526,1.36754162355292,103.947105433712,2025-09-19
206803,2025-09,PASIR RIS,4 ROOM,569,PASIR RIS ST 51,07 TO 09,104.0,Model A,1992,66 years 03 months,716000.0,569 PASIR RIS ST 51,510569,1.36965312318782,103.949169331019,2025-09-19
206928,2025-09,PASIR RIS,5 ROOM,230,PASIR RIS ST 21,10 TO 12,126.0,Improved,1993,66 years 10 months,708000.0,230 PASIR RIS ST 21,510230,1.37256156363967,103.960998684857,2025-09-19
207575,2025-09,PUNGGOL,4 ROOM,667A,PUNGGOL DR,10 TO 12,93.0,Premium Apartment,2016,89 years 05 months,740000.0,667A PUNGGOL DR,821667,1.40260030998864,103.913971396177,2025-09-19
208081,2025-09,PUNGGOL,5 ROOM,676B,PUNGGOL DR,01 TO 03,113.0,Premium Apartment,2016,90 years,789988.0,676B PUNGGOL DR,822676,1.40481059599871,103.91027810068,2025-09-19
208271,2025-09,PUNGGOL,5 ROOM,217C,SUMANG WALK,07 TO 09,112.0,Improved,2017,90 years 11 months,760000.0,217C SUMANG WALK,823217,1.402358510003,103.895494110668,2025-09-19
208936,2025-09,SEMBAWANG,3 ROOM,592A,MONTREAL LINK,16 TO 18,68.0,Model A,2015,88 years 08 months,510000.0,592A MONTREAL LINK,751592,1.45093939112951,103.827087654463,2025-09-19
209715,2025-09,SEMBAWANG,EXECUTIVE,408,SEMBAWANG DR,04 TO 06,130.0,Apartment,2001,74 years 06 months,752000.0,408 SEMBAWANG DR,750408,1.45345895920531,103.817721249079,2025-09-19
209888,2025-09,SENGKANG,3 ROOM,180A,RIVERVALE CRES,13 TO 15,67.0,Model A,2015,88 years 06 months,525000.0,180A RIVERVALE CRES,541180,1.39025909742147,103.909624930156,2025-09-19
210198,2025-09,SENGKANG,4 ROOM,207A,COMPASSVALE LANE,10 TO 12,92.0,Model A,2005,78 years 05 months,585000.0,207A COMPASSVALE LANE,542207,1.38530709577874,103.897870151664,2025-09-19
210523,2025-09,SENGKANG,4 ROOM,195,RIVERVALE DR,07 TO 09,92.0,Model A,2001,74 years 10 months,560000.0,195 RIVERVALE DR,540195,1.39282417800809,103.902400185088,2025-09-19
210551,2025-09,SENGKANG,4 ROOM,108,RIVERVALE WALK,07 TO 09,100.0,Model A,1999,72 years 05 months,606000.0,108 RIVERVALE WALK,540108,1.38281168591309,103.899782887436,2025-09-19
210595,2025-09,SENGKANG,4 ROOM,200B,SENGKANG EAST RD,13 TO 15,90.0,Model A,2001,74 years 08 months,630000.0,200B SENGKANG EAST RD,542200,1.3870653779354,103.892735553222,2025-09-19
210702,2025-09,SENGKANG,5 ROOM,320B,ANCHORVALE DR,13 TO 15,110.0,Improved,2002,76 years 01 month,739000.0,320B ANCHORVALE DR,542320,1.39125129542693,103.890809117875,2025-09-19
212217,2025-09,TAMPINES,4 ROOM,158,TAMPINES ST 12,10 TO 12,91.0,New Generation,1984,57 years 10 months,650000.0,158 TAMPINES ST 12,521158,1.35141456108804,103.945859048593,2025-09-19
212251,2025-09,TAMPINES,4 ROOM,206,TAMPINES ST 21,01 TO 03,133.0,Model A,1982,55 years 11 months,710000.0,206 TAMPINES ST 21,520206,1.35086005592172,103.952352388168,2025-09-19
212356,2025-09,TAMPINES,4 ROOM,437,TAMPINES ST 43,07 TO 09,105.0,Model A,1986,59 years 11 months,638000.0,437 TAMPINES ST 43,520437,1.35996624539325,103.951587758584,2025-09-19
213251,2025-09,TOA PAYOH,3 ROOM,47,LOR 6 TOA PAYOH,04 TO 06,58.0,Standard,1969,42 years 04 months,333000.0,47 LOR 6 TOA PAYOH,310047,1.33691029763166,103.854030352751,2025-09-19
213622,2025-09,TOA PAYOH,4 ROOM,11,LOR 8 TOA PAYOH,13 TO 15,101.0,Model A,1998,71 years 05 months,737000.0,11 LOR 8 TOA PAYOH,310011,1.33723344302177,103.858841063408,2025-09-19
213950,2025-09,WOODLANDS,3 ROOM,18,MARSILING LANE,04 TO 06,60.0,Improved,1987,60 years 08 months,345000.0,18 MARSILING LANE,730018,1.44341700697898,103.777861242296,2025-09-19
214839,2025-09,WOODLANDS,5 ROOM,529,WOODLANDS DR 14,07 TO 09,123.0,Premium Apartment,1999,72 years 11 months,705000.0,529 WOODLANDS DR 14,730529,1.43163414645695,103.792878951474,2025-09-19
214912,2025-09,WOODLANDS,5 ROOM,890A,WOODLANDS DR 50,16 TO 18,113.0,Improved,2017,90 years 10 months,795000.0,890A WOODLANDS DR 50,731890,1.43828221158378,103.793216471148,2025-09-19
215224,2025-09,WOODLANDS,EXECUTIVE,832,WOODLANDS ST 83,07 TO 09,192.0,Apartment,1994,68 years 02 months,1120000.0,832 WOODLANDS ST 83,730832,1.43966937766405,103.790761499462,2025-09-19
215486,2025-09,YISHUN,3 ROOM,141,YISHUN RING RD,07 TO 09,68.0,New Generation,1984,58 years 03 months,433000.0,141 YISHUN RING RD,760141,1.43089700238255,103.830000816371,2025-09-19
216038,2025-09,YISHUN,4 ROOM,167,YISHUN RING RD,01 TO 03,84.0,Simplified,1987,61 years 03 months,440000.0,167 YISHUN RING RD,760167,1.43661282967317,103.832356503845,2025-09-19
216218,2025-09,YISHUN,4 ROOM,505D,YISHUN ST 51,04 TO 06,93.0,Model A,2016,89 years 06 months,595000.0,505D YISHUN ST 51,764505,1.41883284175427,103.844225827265,2025-09-19
216244,2025-09,YISHUN,4 ROOM,634,YISHUN ST 61,04 TO 06,104.0,Model A,1987,61 years 02 months,576000.0,634 YISHUN ST 61,760634,1.41893026318493,103.83910011003,2025-09-19
216289,2025-09,YISHUN,4 ROOM,737,YISHUN ST 72,01 TO 03,91.0,New Generation,1985,58 years 04 months,528000.0,737 YISHUN ST 72,760737,1.42897510413082,103.832444552194,2025-09-19
197180,2025-09,ANG MO KIO,3 ROOM,559,ANG MO KIO AVE 10,04 TO 06,68.0,New Generation,1980,53 years 04 months,410000.0,559 ANG MO KIO AVE 10,560559,1.37099810674697,103.857856391877,2025-09-22
197424,2025-09,ANG MO KIO,3 ROOM,621,ANG MO KIO AVE 9,07 TO 09,68.0,New Generation,1980,54 years,455000.0,621 ANG MO KIO AVE 9,560621,1.3830287591126,103.840669099959,2025-09-22
197508,2025-09,ANG MO KIO,4 ROOM,546,ANG MO KIO AVE 10,07 TO 09,92.0,New Generation,1981,54 years 05 months,512000.0,546 ANG MO KIO AVE 10,560546,1.37365123866689,103.857022220393,2025-09-22
197542,2025-09,ANG MO KIO,4 ROOM,232,ANG MO KIO AVE 3,04 TO 06,92.0,New Generation,1977,51 years,568000.0,232 ANG MO KIO AVE 3,560232,1.36834606813391,103.837196046409,2025-09-22
197936,2025-09,BEDOK,3 ROOM,127,BEDOK NTH ST 2,01 TO 03,67.0,New Generation,1978,51 years 08 months,410000.0,127 BEDOK NTH ST 2,460127,1.32797407432231,103.937944117759,2025-09-22
198404,2025-09,BEDOK,4 ROOM,717,BEDOK RESERVOIR RD,04 TO 06,111.0,Model A,1984,57 years 04 months,648000.0,717 BEDOK RESERVOIR RD,470717,1.33755208890136,103.925449316134,2025-09-22
198519,2025-09,BEDOK,4 ROOM,51,NEW UPP CHANGI RD,13 TO 15,84.0,Improved,1977,51 years,511000.0,51 NEW UPP CHANGI RD,461051,1.32342985805207,103.942269407116,2025-09-22
198523,2025-09,BEDOK,5 ROOM,552,BEDOK NTH AVE 1,01 TO 03,121.0,Improved,1980,53 years 09 months,630000.0,552 BEDOK NTH AVE 1,460552,1.33190104988461,103.927743782081,2025-09-22
198654,2025-09,BEDOK,5 ROOM,61,NEW UPP CHANGI RD,19 TO 21,120.0,Standard,1977,50 years 10 months,808000.0,61 NEW UPP CHANGI RD,461061,1.32275469870145,103.940776413808,2025-09-22
198655,2025-09,BEDOK,5 ROOM,61,NEW UPP CHANGI RD,25 TO 27,118.0,Standard,1977,50 years 10 months,780000.0,61 NEW UPP CHANGI RD,461061,1.32275469870145,103.940776413808,2025-09-22
198807,2025-09,BISHAN,4 ROOM,166,BISHAN ST 13,04 TO 06,103.0,Model A,1987,61 years 04 months,792888.0,166 BISHAN ST 13,570166,1.34886345078255,103.855225779214,2025-09-22
198904,2025-09,BISHAN,5 ROOM,128,BISHAN ST 12,13 TO 15,121.0,Improved,1987,60 years 05 months,990000.0,128 BISHAN ST 12,570128,1.34608831988483,103.850466820468,2025-09-22
199369,2025-09,BUKIT BATOK,4 ROOM,161,BT BATOK ST 11,07 TO 09,105.0,Model A,1984,57 years 10 months,596000.0,161 BT BATOK ST 11,650161,1.34846915807481,103.742050806952,2025-09-22
199706,2025-09,BUKIT BATOK,4 ROOM,441A,BT BATOK WEST AVE 8,10 TO 12,92.0,Model A,2019,92 years 07 months,680000.0,441A BT BATOK WEST AVE 8,651441,1.35610548541132,103.739002965384,2025-09-22
199896,2025-09,BUKIT BATOK,5 ROOM,102,BT BATOK WEST AVE 6,10 TO 12,150.0,Model A,1985,58 years 10 months,800000.0,102 BT BATOK WEST AVE 6,650102,1.34745833930547,103.747473341114,2025-09-22
200660,2025-09,BUKIT MERAH,5 ROOM,112B,DEPOT RD,19 TO 21,116.0,Improved,2006,79 years 05 months,906888.0,112B DEPOT RD,102112,1.28156873918268,103.80773165728,2025-09-22
200850,2025-09,BUKIT PANJANG,4 ROOM,274,BANGKIT RD,04 TO 06,104.0,Model A,1987,61 years 02 months,505000.0,274 BANGKIT RD,670274,1.37715619247431,103.774822991849,2025-09-22
201070,2025-09,BUKIT PANJANG,4 ROOM,459,SEGAR RD,04 TO 06,93.0,Premium Apartment,2015,88 years 11 months,608000.0,459 SEGAR RD,670459,1.38761161193831,103.771717424957,2025-09-22
201723,2025-09,CHOA CHU KANG,4 ROOM,455,CHOA CHU KANG AVE 4,07 TO 09,103.0,Premium Apartment,2000,73 years 07 months,560000.0,455 CHOA CHU KANG AVE 4,680455,1.37942324084484,103.735183712105,2025-09-22
202071,2025-09,CHOA CHU KANG,5 ROOM,488C,CHOA CHU KANG AVE 5,07 TO 09,113.0,Improved,2016,89 years 09 months,708888.0,488C CHOA CHU KANG AVE 5,683488,1.37659678332207,103.73994960705,2025-09-22
202179,2025-09,CHOA CHU KANG,5 ROOM,688A,CHOA CHU KANG DR,04 TO 06,110.0,Improved,2002,75 years 07 months,548000.0,688A CHOA CHU KANG DR,681688,1.40396387456119,103.750566306243,2025-09-22
202268,2025-09,CHOA CHU KANG,5 ROOM,816B,KEAT HONG LINK,13 TO 15,112.0,Improved,2017,91 years,768888.0,816B KEAT HONG LINK,682816,1.37604113515339,103.748460043787,2025-09-22
202568,2025-09,CLEMENTI,3 ROOM,701,WEST COAST RD,07 TO 09,82.0,New Generation,1980,53 years 11 months,500000.0,701 WEST COAST RD,120701,1.30761194155051,103.761376368247,2025-09-22
202569,2025-09,CLEMENTI,3 ROOM,703,WEST COAST RD,01 TO 03,67.0,New Generation,1980,54 years 01 month,373000.0,703 WEST COAST RD,120703,1.30674896245195,103.760633580535,2025-09-22
203642,2025-09,HOUGANG,4 ROOM,996C,BUANGKOK CRES,01 TO 03,93.0,Model A,2019,93 years 02 months,608000.0,996C BUANGKOK CRES,536996,1.38576793194266,103.882466565347,2025-09-22
203772,2025-09,HOUGANG,4 ROOM,709,HOUGANG AVE 2,01 TO 03,91.0,New Generation,1985,58 years 10 months,558888.0,709 HOUGANG AVE 2,530709,1.36706142659908,103.888077255516,2025-09-22
203903,2025-09,HOUGANG,4 ROOM,670,HOUGANG AVE 8,04 TO 06,103.0,Model A,1988,61 years 08 months,595000.0,670 HOUGANG AVE 8,530670,1.37302689577235,103.884773194279,2025-09-22
204007,2025-09,HOUGANG,4 ROOM,138,LOR AH SOO,07 TO 09,103.0,Model A,1984,58 years 01 month,590000.0,138 LOR AH SOO,530138,1.35162442643015,103.884447871485,2025-09-22
204131,2025-09,HOUGANG,5 ROOM,532,HOUGANG AVE 6,01 TO 03,121.0,Improved,1987,61 years 02 months,640000.0,532 HOUGANG AVE 6,530532,1.37606836468819,103.891125310985,2025-09-22
204707,2025-09,JURONG WEST,2 ROOM,140D,CORPORATION DR,07 TO 09,38.0,Model A,2019,92 years 09 months,360000.0,140D CORPORATION DR,614140,1.32759130033551,103.724631921446,2025-09-22
205566,2025-09,JURONG WEST,5 ROOM,461,JURONG WEST ST 41,07 TO 09,121.0,Improved,1985,58 years 05 months,615000.0,461 JURONG WEST ST 41,640461,1.34955642619511,103.720801288376,2025-09-22
205586,2025-09,JURONG WEST,5 ROOM,559,JURONG WEST ST 42,07 TO 09,139.0,Model A-Maisonette,1985,58 years 09 months,688000.0,559 JURONG WEST ST 42,640559,1.35457631683511,103.718900605151,2025-09-22
205637,2025-09,JURONG WEST,5 ROOM,604,JURONG WEST ST 62,10 TO 12,115.0,Premium Apartment,2001,74 years 08 months,700000.0,604 JURONG WEST ST 62,640604,1.3386054995034,103.70007918145,2025-09-22
205885,2025-09,JURONG WEST,EXECUTIVE,656C,JURONG WEST ST 61,10 TO 12,132.0,Apartment,2001,74 years 10 months,780000.0,656C JURONG WEST ST 61,643656,1.33598955071785,103.69997420624,2025-09-22
205888,2025-09,JURONG WEST,EXECUTIVE,605,JURONG WEST ST 62,13 TO 15,133.0,Premium Apartment,2001,74 years 07 months,845888.0,605 JURONG WEST ST 62,640605,1.33845797373748,103.699564382012,2025-09-22
205919,2025-09,JURONG WEST,EXECUTIVE,630,JURONG WEST ST 65,10 TO 12,130.0,Apartment,2001,74 years 11 months,820000.0,630 JURONG WEST ST 65,640630,1.34266182765453,103.700208801281,2025-09-22
205961,2025-09,JURONG WEST,EXECUTIVE,159,YUNG PING RD,07 TO 09,149.0,Apartment,1996,69 years 08 months,850000.0,159 YUNG PING RD,610159,1.32928599309236,103.72238572895,2025-09-22
206287,2025-09,KALLANG/WHAMPOA,4 ROOM,29,JLN BAHAGIA,01 TO 03,87.0,Simplified,1987,61 years 01 month,545000.0,29 JLN BAHAGIA,320029,1.32540758450301,103.858565503017,2025-09-22
206383,2025-09,KALLANG/WHAMPOA,4 ROOM,46,OWEN RD,07 TO 09,92.0,New Generation,1982,56 years 02 months,705000.0,46 OWEN RD,210046,1.31514019805556,103.850798372212,2025-09-22
206649,2025-09,MARINE PARADE,3 ROOM,7,MARINE TER,07 TO 09,59.0,Improved,1975,48 years 05 months,480000.0,7 MARINE TER,440007,1.30409794254107,103.917275409766,2025-09-22
206682,2025-09,MARINE PARADE,5 ROOM,29,MARINE CRES,10 TO 12,120.0,Standard,1975,48 years 06 months,980000.0,29 MARINE CRES,440029,1.3028498362788,103.913197165824,2025-09-22
206982,2025-09,PASIR RIS,5 ROOM,145,PASIR RIS ST 11,04 TO 06,127.0,Improved,1994,67 years 07 months,700000.0,145 PASIR RIS ST 11,510145,1.36321945235415,103.960831858806,2025-09-22
207077,2025-09,PASIR RIS,EXECUTIVE,609,ELIAS RD,13 TO 15,149.0,Apartment,1995,68 years 10 months,1035000.0,609 ELIAS RD,510609,1.37548734417666,103.942727425752,2025-09-22
207159,2025-09,PASIR RIS,EXECUTIVE,544,PASIR RIS ST 51,10 TO 12,145.0,Apartment,1992,66 years 03 months,1015000.0,544 PASIR RIS ST 51,510544,1.36898105704567,103.952193730257,2025-09-22
207169,2025-09,PASIR RIS,EXECUTIVE,502,PASIR RIS ST 52,10 TO 12,146.0,Apartment,1993,67 years 03 months,948000.0,502 PASIR RIS ST 52,510502,1.37539869626645,103.946231522897,2025-09-22
207503,2025-09,PUNGGOL,4 ROOM,668A,EDGEFIELD PLAINS,10 TO 12,93.0,Premium Apartment,2016,89 years 09 months,715000.0,668A EDGEFIELD PLAINS,821668,1.40501880052452,103.912411867708,2025-09-22
207663,2025-09,PUNGGOL,4 ROOM,633B,PUNGGOL DR,07 TO 09,91.0,Premium Apartment,2007,81 years 03 months,655000.0,633B PUNGGOL DR,822633,1.40122179000773,103.913397046937,2025-09-22
208074,2025-09,PUNGGOL,5 ROOM,171A,EDGEDALE PLAINS,07 TO 09,110.0,Improved,2004,77 years 04 months,650000.0,171A EDGEDALE PLAINS,821171,1.39463078246783,103.912293852531,2025-09-22
208181,2025-09,PUNGGOL,5 ROOM,658C,PUNGGOL EAST,01 TO 03,113.0,Improved,2018,92 years 02 months,730000.0,658C PUNGGOL EAST,823658,1.40054860434992,103.918647557106,2025-09-22
208237,2025-09,PUNGGOL,5 ROOM,270A,PUNGGOL FIELD,04 TO 06,112.0,Premium Apartment,2013,86 years 04 months,820000.0,270A PUNGGOL FIELD,821270,1.40397950121026,103.899454945441,2025-09-22
208302,2025-09,PUNGGOL,5 ROOM,265A,PUNGGOL WAY,01 TO 03,112.0,Improved,2015,88 years 09 months,778000.0,265A PUNGGOL WAY,821265,1.40566686857539,103.898715616217,2025-09-22
208789,2025-09,QUEENSTOWN,4 ROOM,53,STRATHMORE AVE,01 TO 03,87.0,Premium Apartment,2020,94 years 03 months,1080000.0,53 STRATHMORE AVE,140053,1.29277858643806,103.808445960195,2025-09-22
209007,2025-09,SEMBAWANG,3 ROOM,104C,CANBERRA ST,01 TO 03,67.0,Model A,2018,91 years 11 months,500000.0,104C CANBERRA ST,753104,1.44970999451163,103.831775965127,2025-09-22
209104,2025-09,SEMBAWANG,4 ROOM,492,ADMIRALTY LINK,07 TO 09,90.0,Model A,2004,77 years 07 months,525000.0,492 ADMIRALTY LINK,750492,1.4564743178621,103.81718135862,2025-09-22
209758,2025-09,SEMBAWANG,5 ROOM,501C,WELLINGTON CIRCLE,10 TO 12,110.0,Improved,2001,74 years 11 months,661888.0,501C WELLINGTON CIRCLE,753501,1.45169408187552,103.821715715582,2025-09-22
210197,2025-09,SENGKANG,4 ROOM,265E,COMPASSVALE BOW,10 TO 12,92.0,Premium Apartment,2007,80 years 11 months,725000.0,265E COMPASSVALE BOW,548265,1.381909151675,103.896656322872,2025-09-22
210299,2025-09,SENGKANG,4 ROOM,211C,COMPASSVALE LANE,13 TO 15,97.0,Model A,2013,86 years 05 months,700000.0,211C COMPASSVALE LANE,543211,1.38514491225734,103.899291177027,2025-09-22
210520,2025-09,SENGKANG,4 ROOM,436B,FERNVALE RD,01 TO 03,96.0,Model A,2010,83 years 06 months,575000.0,436B FERNVALE RD,792436,1.39287835979949,103.876975719617,2025-09-22
210805,2025-09,SENGKANG,5 ROOM,301C,ANCHORVALE DR,07 TO 09,110.0,Improved,2001,75 years 01 month,668000.0,301C ANCHORVALE DR,543301,1.3885182028847,103.891082520107,2025-09-22
211197,2025-09,SENGKANG,5 ROOM,126,RIVERVALE ST,04 TO 06,120.0,Improved,1999,72 years 09 months,647000.0,126 RIVERVALE ST,540126,1.38906021697376,103.902400512728,2025-09-22
211517,2025-09,SERANGOON,4 ROOM,205,SERANGOON CTRL,07 TO 09,84.0,Simplified,1986,60 years 02 months,715000.0,205 SERANGOON CTRL,550205,1.35278468169196,103.873446716868,2025-09-22
211615,2025-09,SERANGOON,5 ROOM,507,SERANGOON NTH AVE 4,04 TO 06,121.0,Improved,1997,70 years 09 months,840000.0,507 SERANGOON NTH AVE 4,550507,1.37195725612878,103.875267195326,2025-09-22
211626,2025-09,SERANGOON,EXECUTIVE,321,SERANGOON AVE 2,07 TO 09,146.0,Maisonette,1986,59 years 04 months,1195000.0,321 SERANGOON AVE 2,550321,1.35120526890578,103.867769527625,2025-09-22
211947,2025-09,TAMPINES,3 ROOM,883,TAMPINES ST 84,04 TO 06,74.0,Model A,1988,61 years 08 months,473000.0,883 TAMPINES ST 84,520883,1.35185622978388,103.932939029289,2025-09-22
212082,2025-09,TAMPINES,4 ROOM,879A,TAMPINES AVE 8,10 TO 12,93.0,Model A,2017,90 years 09 months,765000.0,879A TAMPINES AVE 8,521879,1.35188475480754,103.929100689045,2025-09-22
212379,2025-09,TAMPINES,4 ROOM,282,TAMPINES ST 22,01 TO 03,104.0,Model A,1984,57 years 05 months,560000.0,282 TAMPINES ST 22,520282,1.34775409909298,103.952436774993,2025-09-22
212565,2025-09,TAMPINES,4 ROOM,711,TAMPINES ST 71,07 TO 09,99.0,Model A,1997,70 years 07 months,685000.0,711 TAMPINES ST 71,520711,1.35843202933435,103.937035946114,2025-09-22
212707,2025-09,TAMPINES,5 ROOM,816,TAMPINES AVE 4,01 TO 03,121.0,Improved,1984,58 years,750000.0,816 TAMPINES AVE 4,520816,1.3477050498226,103.937555571928,2025-09-22
212757,2025-09,TAMPINES,5 ROOM,520B,TAMPINES CTRL 8,01 TO 03,108.0,DBSS,2014,87 years 09 months,899000.0,520B TAMPINES CTRL 8,522520,1.35726635061626,103.939665206968,2025-09-22
212870,2025-09,TAMPINES,5 ROOM,610B,TAMPINES NTH DR 1,01 TO 03,113.0,Improved,2020,94 years 01 month,830000.0,610B TAMPINES NTH DR 1,522610,1.3644178163568,103.936006719423,2025-09-22
213165,2025-09,TAMPINES,EXECUTIVE,889,TAMPINES ST 81,01 TO 03,149.0,Maisonette,1989,62 years 05 months,945000.0,889 TAMPINES ST 81,520889,1.34991348311537,103.931049462008,2025-09-22
213644,2025-09,TOA PAYOH,4 ROOM,130A,LOR 1 TOA PAYOH,25 TO 27,93.0,Model A,2018,92 years,1138000.0,130A LOR 1 TOA PAYOH,311130,1.33739384161997,103.843183616479,2025-09-22
213961,2025-09,TOA PAYOH,5 ROOM,218,LOR 8 TOA PAYOH,04 TO 06,117.0,Standard,1978,51 years 04 months,695000.0,218 LOR 8 TOA PAYOH,310218,1.34272583549089,103.855151579728,2025-09-22
214436,2025-09,WOODLANDS,4 ROOM,577,WOODLANDS DR 16,01 TO 03,91.0,Model A,2000,74 years 02 months,525000.0,577 WOODLANDS DR 16,730577,1.43096196421541,103.796544744793,2025-09-22
214580,2025-09,WOODLANDS,4 ROOM,710,WOODLANDS DR 70,10 TO 12,99.0,Model A,1997,70 years 06 months,580000.0,710 WOODLANDS DR 70,730710,1.4407767693337,103.797420277053,2025-09-22
214843,2025-09,WOODLANDS,5 ROOM,370,WOODLANDS AVE 1,07 TO 09,125.0,Improved,1996,70 years 02 months,735000.0,370 WOODLANDS AVE 1,730370,1.43254270511027,103.787387733968,2025-09-22
215053,2025-09,WOODLANDS,5 ROOM,683B,WOODLANDS DR 62,04 TO 06,121.0,Premium Apartment,2000,73 years 05 months,700000.0,683B WOODLANDS DR 62,732683,1.44099752205788,103.802849645543,2025-09-22
215156,2025-09,WOODLANDS,5 ROOM,785C,WOODLANDS RISE,13 TO 15,113.0,Improved,2018,91 years 11 months,745000.0,785C WOODLANDS RISE,733785,1.44591953745344,103.805861537979,2025-09-22
216165,2025-09,YISHUN,4 ROOM,451,YISHUN RING RD,07 TO 09,92.0,Model A,2012,86 years,598000.0,451 YISHUN RING RD,760451,1.42205375166534,103.844675188975,2025-09-22
216446,2025-09,YISHUN,5 ROOM,432C,YISHUN AVE 1,10 TO 12,112.0,Improved,2015,89 years,682000.0,432C YISHUN AVE 1,763432,1.41949570230706,103.845973427257,2025-09-22
216498,2025-09,YISHUN,5 ROOM,863,YISHUN AVE 4,04 TO 06,122.0,Improved,1988,61 years 10 months,690000.0,863 YISHUN AVE 4,760863,1.41693951602054,103.838619903084,2025-09-22
216624,2025-09,YISHUN,5 ROOM,511B,YISHUN ST 51,07 TO 09,113.0,Improved,2017,90 years 11 months,733000.0,511B YISHUN ST 51,762511,1.41560014502104,103.84241412452,2025-09-22
197241,2025-09,ANG MO KIO,3 ROOM,120,ANG MO KIO AVE 3,04 TO 06,67.0,New Generation,1978,52 years 01 month,417000.0,120 ANG MO KIO AVE 3,560120,1.37004739686133,103.844594754874,2025-09-23
197552,2025-09,ANG MO KIO,4 ROOM,179,ANG MO KIO AVE 5,04 TO 06,91.0,New Generation,1981,54 years 07 months,475000.0,179 ANG MO KIO AVE 5,560179,1.37690418077298,103.836218103538,2025-09-23
198049,2025-09,BEDOK,3 ROOM,609,BEDOK RESERVOIR RD,01 TO 03,67.0,New Generation,1982,55 years 10 months,430000.0,609 BEDOK RESERVOIR RD,470609,1.33183921459218,103.912364855077,2025-09-23
198072,2025-09,BEDOK,3 ROOM,23,BEDOK STH AVE 1,07 TO 09,73.0,New Generation,1977,50 years 08 months,465000.0,23 BEDOK STH AVE 1,460023,1.32329861671383,103.932762614007,2025-09-23
198307,2025-09,BEDOK,4 ROOM,186B,BEDOK NTH ST 4,10 TO 12,93.0,Model A,2018,92 years 03 months,868000.0,186B BEDOK NTH ST 4,462186,1.33003736213542,103.940842245677,2025-09-23
198657,2025-09,BEDOK,EXECUTIVE,640,BEDOK RESERVOIR RD,07 TO 09,144.0,Apartment,1993,67 years 03 months,985000.0,640 BEDOK RESERVOIR RD,410640,1.33210132151895,103.904953194958,2025-09-23
198658,2025-09,BEDOK,EXECUTIVE,725,BEDOK RESERVOIR RD,04 TO 06,142.0,Apartment,1984,57 years 11 months,915000.0,725 BEDOK RESERVOIR RD,470725,1.33764586553964,103.928990816937,2025-09-23
198947,2025-09,BISHAN,5 ROOM,444,SIN MING AVE,13 TO 15,125.0,Improved,1990,63 years 05 months,1050000.0,444 SIN MING AVE,570444,1.35853942882943,103.832309279131,2025-09-23
199582,2025-09,BUKIT BATOK,4 ROOM,118,BT BATOK WEST AVE 6,07 TO 09,103.0,Model A,1984,57 years 11 months,509888.0,118 BT BATOK WEST AVE 6,650118,1.35000951618749,103.746499580095,2025-09-23
199845,2025-09,BUKIT BATOK,5 ROOM,389,BT BATOK WEST AVE 5,10 TO 12,110.0,Improved,2005,78 years 05 months,650000.0,389 BT BATOK WEST AVE 5,650389,1.36534587041751,103.752142144334,2025-09-23
200783,2025-09,BUKIT PANJANG,3 ROOM,118,PENDING RD,10 TO 12,73.0,Model A,1988,61 years 08 months,460000.0,118 PENDING RD,670118,1.37680420349222,103.768463736662,2025-09-23
201372,2025-09,BUKIT TIMAH,4 ROOM,3,QUEEN'S RD,10 TO 12,91.0,Improved,1974,47 years 07 months,670000.0,3 QUEEN'S RD,266734,1.32287761525628,103.811647694363,2025-09-23
201709,2025-09,CHOA CHU KANG,4 ROOM,452,CHOA CHU KANG AVE 4,01 TO 03,103.0,Premium Apartment,2000,73 years 05 months,481000.0,452 CHOA CHU KANG AVE 4,680452,1.38031130418576,103.735332010832,2025-09-23
201770,2025-09,CHOA CHU KANG,4 ROOM,815B,CHOA CHU KANG AVE 7,07 TO 09,93.0,Model A,2017,90 years 06 months,600000.0,815B CHOA CHU KANG AVE 7,682815,1.37684626113984,103.747376759116,2025-09-23
202179,2025-09,CHOA CHU KANG,5 ROOM,632,CHOA CHU KANG NTH 6,16 TO 18,127.0,Premium Apartment,1998,71 years 04 months,800000.0,632 CHOA CHU KANG NTH 6,680632,1.39669111215807,103.748579728146,2025-09-23
202393,2025-09,CLEMENTI,3 ROOM,365,CLEMENTI AVE 2,04 TO 06,67.0,New Generation,1978,51 years 04 months,425888.0,365 CLEMENTI AVE 2,120365,1.3122997890586,103.769943830728,2025-09-23
202538,2025-09,CLEMENTI,3 ROOM,728,CLEMENTI WEST ST 2,07 TO 09,68.0,New Generation,1980,54 years,400000.0,728 CLEMENTI WEST ST 2,120728,1.30520206759029,103.763833368922,2025-09-23
202849,2025-09,GEYLANG,3 ROOM,19,BALAM RD,10 TO 12,60.3,Standard,1967,40 years 04 months,320000.0,19 BALAM RD,370019,1.33142362640009,103.887410301919,2025-09-23
203544,2025-09,HOUGANG,3 ROOM,619,HOUGANG AVE 8,07 TO 09,69.0,Improved,1985,59 years,468000.0,619 HOUGANG AVE 8,530619,1.36984770803551,103.883701202398,2025-09-23
203545,2025-09,HOUGANG,3 ROOM,684,HOUGANG AVE 8,04 TO 06,64.0,Simplified,1989,62 years 09 months,438888.0,684 HOUGANG AVE 8,530684,1.3739584050047,103.886898456705,2025-09-23
203917,2025-09,HOUGANG,4 ROOM,953,HOUGANG AVE 9,01 TO 03,101.0,Model A,1999,72 years 07 months,593333.0,953 HOUGANG AVE 9,530953,1.37602518905245,103.877538033383,2025-09-23
204051,2025-09,HOUGANG,4 ROOM,365C,UPP SERANGOON RD,13 TO 15,92.0,Model A,2018,91 years 05 months,852888.0,365C UPP SERANGOON RD,533365,1.36928451336933,103.89713459868,2025-09-23
204182,2025-09,HOUGANG,5 ROOM,231,HOUGANG ST 21,10 TO 12,142.0,Model A-Maisonette,1984,58 years,1028000.0,231 HOUGANG ST 21,530231,1.35813059742215,103.887899973852,2025-09-23
204499,2025-09,JURONG EAST,4 ROOM,211,JURONG EAST ST 21,01 TO 03,97.0,New Generation,1983,56 years 07 months,500000.0,211 JURONG EAST ST 21,600211,1.33866911059386,103.740292528065,2025-09-23
205445,2025-09,JURONG WEST,4 ROOM,328,TAH CHING RD,07 TO 09,103.0,Model A,1997,70 years 11 months,580000.0,328 TAH CHING RD,610328,1.33663451315422,103.72260042207,2025-09-23
205484,2025-09,JURONG WEST,4 ROOM,180,YUNG SHENG RD,01 TO 03,91.0,Model A,2001,74 years 08 months,510000.0,180 YUNG SHENG RD,610180,1.33369142178284,103.72126635519,2025-09-23
205593,2025-09,JURONG WEST,5 ROOM,404,JURONG WEST ST 42,01 TO 03,134.0,Model A,1984,58 years,598888.0,404 JURONG WEST ST 42,640404,1.35392289168913,103.722505715191,2025-09-23
206487,2025-09,KALLANG/WHAMPOA,4 ROOM,96,WHAMPOA DR,16 TO 18,91.0,Improved,1974,47 years 04 months,530000.0,96 WHAMPOA DR,320096,1.321556727417,103.855666149292,2025-09-23
206660,2025-09,MARINE PARADE,3 ROOM,58,MARINE TER,04 TO 06,76.0,Improved,1975,48 years 07 months,480000.0,58 MARINE TER,440058,1.30611781253448,103.914026029355,2025-09-23
207469,2025-09,PUNGGOL,4 ROOM,683A,EDGEDALE PLAINS,10 TO 12,93.0,Premium Apartment,2018,91 years 11 months,738000.0,683A EDGEDALE PLAINS,821683,1.4042634439442,103.915371364318,2025-09-23
208806,2025-09,QUEENSTOWN,4 ROOM,55,STRATHMORE AVE,01 TO 03,95.0,Model A,2002,75 years 08 months,815000.0,55 STRATHMORE AVE,140055,1.29338294925716,103.809330719416,2025-09-23
209883,2025-09,SENGKANG,2 ROOM,180B,RIVERVALE CRES,04 TO 06,47.0,Model A,2015,88 years 06 months,365000.0,180B RIVERVALE CRES,542180,1.38994718706066,103.909449885028,2025-09-23
210004,2025-09,SENGKANG,3 ROOM,164B,RIVERVALE CRES,10 TO 12,68.0,Model A,2017,90 years 08 months,500000.0,164B RIVERVALE CRES,542164,1.3896935721541,103.907293906792,2025-09-23
210478,2025-09,SENGKANG,4 ROOM,418B,FERNVALE LINK,19 TO 21,94.0,Model A,2018,91 years 10 months,728000.0,418B FERNVALE LINK,792418,1.39101485658152,103.880193298835,2025-09-23
210558,2025-09,SENGKANG,4 ROOM,446C,JLN KAYU,07 TO 09,93.0,Model A,2013,87 years 02 months,650000.0,446C JLN KAYU,793446,1.39228448797032,103.873579578496,2025-09-23
210977,2025-09,SENGKANG,5 ROOM,216B,COMPASSVALE DR,07 TO 09,112.0,Premium Apartment,2017,90 years 08 months,1000000.0,216B COMPASSVALE DR,542216,1.39051439660213,103.893670671714,2025-09-23
211648,2025-09,SERANGOON,EXECUTIVE,318,SERANGOON AVE 2,01 TO 03,146.0,Apartment,1985,58 years 09 months,1050000.0,318 SERANGOON AVE 2,550318,1.35284046238433,103.867164766436,2025-09-23
212090,2025-09,TAMPINES,4 ROOM,393,TAMPINES AVE 7,07 TO 09,105.0,Model A,1994,68 years 02 months,670000.0,393 TAMPINES AVE 7,520393,1.35519248677247,103.956968778244,2025-09-23
212483,2025-09,TAMPINES,4 ROOM,458,TAMPINES ST 42,04 TO 06,84.0,Simplified,1988,61 years 05 months,540000.0,458 TAMPINES ST 42,520458,1.35798075724836,103.954550016234,2025-09-23
213670,2025-09,TOA PAYOH,4 ROOM,172,LOR 1 TOA PAYOH,19 TO 21,109.0,Model A,1995,68 years 07 months,840000.0,172 LOR 1 TOA PAYOH,310172,1.33035489391143,103.843053387382,2025-09-23
213990,2025-09,TOA PAYOH,5 ROOM,223,LOR 8 TOA PAYOH,13 TO 15,114.0,Standard,1976,49 years 07 months,638000.0,223 LOR 8 TOA PAYOH,310223,1.34126479712806,103.855552754659,2025-09-23
215646,2025-09,YISHUN,3 ROOM,243,YISHUN RING RD,07 TO 09,64.0,Simplified,1985,59 years,423000.0,243 YISHUN RING RD,760243,1.43352112990914,103.840627148063,2025-09-23
215989,2025-09,YISHUN,4 ROOM,506A,YISHUN AVE 4,07 TO 09,93.0,Model A,2018,91 years 07 months,600000.0,506A YISHUN AVE 4,761506,1.41593131808966,103.840014884657,2025-09-23
216407,2025-09,YISHUN,4 ROOM,638,YISHUN ST 61,10 TO 12,84.0,Simplified,1987,60 years 06 months,530000.0,638 YISHUN ST 61,760638,1.42025912183945,103.838566299942,2025-09-23
216422,2025-09,YISHUN,4 ROOM,730,YISHUN ST 71,01 TO 03,84.0,Simplified,1987,60 years 05 months,460000.0,730 YISHUN ST 71,760730,1.42723329945277,103.831527990025,2025-09-23
216662,2025-09,YISHUN,5 ROOM,513C,YISHUN ST 51,10 TO 12,113.0,Improved,2018,91 years 05 months,728000.0,513C YISHUN ST 51,763513,1.41540780549145,103.84380144741,2025-09-23
216741,2025-09,YISHUN,EXECUTIVE,877,YISHUN ST 81,10 TO 12,145.0,Maisonette,1987,61 years 03 months,980000.0,877 YISHUN ST 81,760877,1.41390219124124,103.835453933174,2025-09-23
197152,2025-09,ANG MO KIO,3 ROOM,416,ANG MO KIO AVE 10,13 TO 15,74.0,New Generation,1979,52 years 11 months,468888.0,416 ANG MO KIO AVE 10,560416,1.3645417089084,103.855103690549,2025-09-24
197153,2025-09,ANG MO KIO,3 ROOM,417,ANG MO KIO AVE 10,07 TO 09,74.0,New Generation,1979,52 years 11 months,443000.0,417 ANG MO KIO AVE 10,560417,1.36495953274783,103.855197097728,2025-09-24
197154,2025-09,ANG MO KIO,3 ROOM,463,ANG MO KIO AVE 10,04 TO 06,82.0,New Generation,1980,53 years 05 months,468000.0,463 ANG MO KIO AVE 10,560463,1.36694793518613,103.857487648675,2025-09-24
197596,2025-09,ANG MO KIO,4 ROOM,350,ANG MO KIO ST 32,07 TO 09,95.0,Model A,2001,75 years 03 months,810000.0,350 ANG MO KIO ST 32,560350,1.36371311763063,103.850044231877,2025-09-24
197664,2025-09,ANG MO KIO,5 ROOM,553,ANG MO KIO AVE 10,16 TO 18,119.0,Improved,1980,53 years 11 months,730000.0,553 ANG MO KIO AVE 10,560553,1.37260157854458,103.857234141592,2025-09-24
197916,2025-09,BEDOK,3 ROOM,128,BEDOK NTH ST 2,10 TO 12,67.0,New Generation,1978,51 years 08 months,410000.0,128 BEDOK NTH ST 2,460128,1.327740236451,103.939005696963,2025-09-24
197917,2025-09,BEDOK,3 ROOM,134,BEDOK NTH ST 2,01 TO 03,67.0,New Generation,1978,51 years 08 months,420000.0,134 BEDOK NTH ST 2,460134,1.32832133313255,103.93658216345,2025-09-24
198092,2025-09,BEDOK,3 ROOM,18,BEDOK STH RD,04 TO 06,65.0,Improved,1976,49 years 04 months,390000.0,18 BEDOK STH RD,460018,1.32062504871279,103.934734222428,2025-09-24
198126,2025-09,BEDOK,3 ROOM,21,CHAI CHEE RD,10 TO 12,75.0,Improved,1972,45 years 10 months,423000.0,21 CHAI CHEE RD,461021,1.32577850604228,103.922424710131,2025-09-24
198127,2025-09,BEDOK,3 ROOM,59,CHAI CHEE RD,04 TO 06,80.0,Model A,1984,57 years 05 months,440000.0,59 CHAI CHEE RD,460059,1.32488916644196,103.920246730461,2025-09-24
198493,2025-09,BEDOK,4 ROOM,672,JLN DAMAI,04 TO 06,108.0,Model A,1996,69 years 10 months,670000.0,672 JLN DAMAI,410672,1.33207912967501,103.908757101121,2025-09-24
199210,2025-09,BUKIT BATOK,3 ROOM,507,BT BATOK ST 52,07 TO 09,69.0,Improved,1987,60 years 08 months,388000.0,507 BT BATOK ST 52,650507,1.3522210432368,103.753979892768,2025-09-24
199337,2025-09,BUKIT BATOK,4 ROOM,258,BT BATOK EAST AVE 4,04 TO 06,103.0,Model A,1985,58 years 06 months,535000.0,258 BT BATOK EAST AVE 4,650258,1.35127411954665,103.758871467713,2025-09-24
199428,2025-09,BUKIT BATOK,4 ROOM,289F,BT BATOK ST 25,01 TO 03,92.0,Model A2,1998,71 years 10 months,540000.0,289F BT BATOK ST 25,655289,1.34463617023746,103.7590468418,2025-09-24
199811,2025-09,BUKIT BATOK,5 ROOM,348,BT BATOK ST 34,13 TO 15,122.0,Improved,1987,60 years 05 months,650000.0,348 BT BATOK ST 34,650348,1.36213530305616,103.750617374428,2025-09-24
200752,2025-09,BUKIT MERAH,5 ROOM,87,TELOK BLANGAH HTS,13 TO 15,111.0,Improved,2003,76 years 07 months,980888.0,87 TELOK BLANGAH HTS,100087,1.27686784151249,103.808148580097,2025-09-24
201144,2025-09,BUKIT PANJANG,4 ROOM,626,SENJA RD,13 TO 15,93.0,Premium Apartment,2005,78 years 06 months,600000.0,626 SENJA RD,670626,1.38547480834709,103.759880549321,2025-09-24
201467,2025-09,CENTRAL AREA,3 ROOM,1,TG PAGAR PLAZA,07 TO 09,59.0,Improved,1977,50 years 05 months,500000.0,1 TG PAGAR PLAZA,82001,1.2755961982077,103.842393171342,2025-09-24
202027,2025-09,CHOA CHU KANG,5 ROOM,808B,CHOA CHU KANG AVE 1,10 TO 12,112.0,Improved,2017,90 years 07 months,690000.0,808B CHOA CHU KANG AVE 1,682808,1.37559249810909,103.7460213304,2025-09-24
202220,2025-09,CHOA CHU KANG,5 ROOM,513,CHOA CHU KANG ST 51,07 TO 09,133.0,Model A,1995,69 years,680000.0,513 CHOA CHU KANG ST 51,680513,1.38976124644103,103.742482515604,2025-09-24
202275,2025-09,CHOA CHU KANG,5 ROOM,802A,KEAT HONG CL,13 TO 15,113.0,Improved,2018,91 years 05 months,716000.0,802A KEAT HONG CL,681802,1.37451584184376,103.74347432386,2025-09-24
202276,2025-09,CHOA CHU KANG,5 ROOM,805D,KEAT HONG CL,01 TO 03,113.0,Improved,2017,90 years 09 months,663000.0,805D KEAT HONG CL,684805,1.37241665311801,103.744743989242,2025-09-24
202509,2025-09,CLEMENTI,3 ROOM,343,CLEMENTI AVE 5,04 TO 06,67.0,New Generation,1979,53 years 03 months,400000.0,343 CLEMENTI AVE 5,120343,1.31790852573142,103.770934449602,2025-09-24
202973,2025-09,GEYLANG,3 ROOM,59,CIRCUIT RD,07 TO 09,60.0,Standard,1969,42 years 04 months,340000.0,59 CIRCUIT RD,370059,1.3252487729987,103.886757553674,2025-09-24
203051,2025-09,GEYLANG,3 ROOM,41,SIMS DR,01 TO 03,76.0,Improved,1981,54 years 06 months,385000.0,41 SIMS DR,380041,1.31685532892182,103.875551269808,2025-09-24
203271,2025-09,GEYLANG,5 ROOM,6,HAIG RD,04 TO 06,118.0,Improved,1976,49 years 10 months,780000.0,6 HAIG RD,430006,1.31317618810987,103.897214949603,2025-09-24
203674,2025-09,HOUGANG,4 ROOM,997A,BUANGKOK CRES,13 TO 15,93.0,Model A,2018,92 years 02 months,690888.0,997A BUANGKOK CRES,531997,1.38504599856502,103.881166649447,2025-09-24
203993,2025-09,HOUGANG,4 ROOM,567,HOUGANG ST 51,10 TO 12,100.0,Model A,1997,70 years 08 months,586000.0,567 HOUGANG ST 51,530567,1.3784910931246,103.889006350502,2025-09-24
204252,2025-09,HOUGANG,5 ROOM,930,HOUGANG ST 91,10 TO 12,120.0,Improved,1998,71 years 10 months,790000.0,930 HOUGANG ST 91,530930,1.37548347566834,103.881278238761,2025-09-24
204617,2025-09,JURONG EAST,4 ROOM,275,TOH GUAN RD,04 TO 06,90.0,Model A2,1998,72 years,515000.0,275 TOH GUAN RD,600275,1.34106185650379,103.747964433747,2025-09-24
205150,2025-09,JURONG WEST,4 ROOM,681C,JURONG WEST CTRL 1,07 TO 09,96.0,Premium Apartment,2000,73 years 09 months,565000.0,681C JURONG WEST CTRL 1,643681,1.34449473042069,103.704760528198,2025-09-24
205270,2025-09,JURONG WEST,4 ROOM,645,JURONG WEST ST 61,13 TO 15,100.0,Model A,1998,72 years 01 month,600000.0,645 JURONG WEST ST 61,640645,1.33903532010243,103.696461338372,2025-09-24
205456,2025-09,JURONG WEST,4 ROOM,966,JURONG WEST ST 93,07 TO 09,103.0,Model A,1989,62 years 08 months,505000.0,966 JURONG WEST ST 93,640966,1.34170245953319,103.692916978764,2025-09-24
205887,2025-09,JURONG WEST,5 ROOM,157,YUNG LOH RD,01 TO 03,127.0,Improved,1996,69 years 05 months,620000.0,157 YUNG LOH RD,610157,1.32861633614014,103.721651422673,2025-09-24
206246,2025-09,KALLANG/WHAMPOA,3 ROOM,12,UPP BOON KENG RD,01 TO 03,66.0,Improved,1980,54 years 02 months,458000.0,12 UPP BOON KENG RD,380012,1.31423066306718,103.870061147604,2025-09-24
206295,2025-09,KALLANG/WHAMPOA,4 ROOM,10B,BENDEMEER RD,37 TO 39,93.0,Model A,2017,91 years 03 months,1160000.0,10B BENDEMEER RD,332010,1.31547715332072,103.860312930116,2025-09-24
206520,2025-09,KALLANG/WHAMPOA,4 ROOM,8A,UPP BOON KENG RD,01 TO 03,95.0,Premium Apartment,2017,90 years 10 months,938000.0,8A UPP BOON KENG RD,381008,1.31291757072948,103.869743094328,2025-09-24
207563,2025-09,PUNGGOL,4 ROOM,615A,EDGEFIELD PLAINS,16 TO 18,92.0,Model A,2012,86 years 03 months,695000.0,615A EDGEFIELD PLAINS,821615,1.40386056428575,103.909541012348,2025-09-24
207881,2025-09,PUNGGOL,4 ROOM,306B,PUNGGOL PL,07 TO 09,97.0,Premium Apartment,2012,85 years 10 months,760000.0,306B PUNGGOL PL,822306,1.40579230457974,103.905777174695,2025-09-24
208244,2025-09,PUNGGOL,5 ROOM,658B,PUNGGOL EAST,04 TO 06,113.0,Improved,2018,92 years 02 months,800000.0,658B PUNGGOL EAST,822658,1.40021371053357,103.919048765929,2025-09-24
208389,2025-09,PUNGGOL,5 ROOM,313B,SUMANG LINK,07 TO 09,112.0,Improved,2015,88 years 09 months,930000.0,313B SUMANG LINK,822313,1.41023954723192,103.902143588407,2025-09-24
208912,2025-09,QUEENSTOWN,5 ROOM,60,STRATHMORE AVE,01 TO 03,111.0,Improved,2000,74 years 01 month,1010000.0,60 STRATHMORE AVE,141060,1.29308587206923,103.81188488444,2025-09-24
209997,2025-09,SENGKANG,3 ROOM,289A,COMPASSVALE CRES,04 TO 06,68.0,Premium Apartment,2017,91 years 02 months,525000.0,289A COMPASSVALE CRES,541289,1.39771199967972,103.897719773987,2025-09-24
210223,2025-09,SENGKANG,4 ROOM,317A,ANCHORVALE RD,01 TO 03,92.0,Premium Apartment,2003,76 years 10 months,600000.0,317A ANCHORVALE RD,541317,1.39392639161049,103.887958194183,2025-09-24
211826,2025-09,TAMPINES,3 ROOM,608C,TAMPINES NTH DR 1,13 TO 15,68.0,Model A,2020,94 years 01 month,630000.0,608C TAMPINES NTH DR 1,523608,1.36311517141264,103.936402646417,2025-09-24
212221,2025-09,TAMPINES,4 ROOM,522C,TAMPINES CTRL 7,10 TO 12,93.0,Model A,2015,88 years 11 months,828000.0,522C TAMPINES CTRL 7,523522,1.35800481305316,103.939416135735,2025-09-24
213103,2025-09,TAMPINES,5 ROOM,716,TAMPINES ST 71,10 TO 12,120.0,Improved,1997,70 years 07 months,782888.0,716 TAMPINES ST 71,520716,1.35938987364854,103.936632842041,2025-09-24
213280,2025-09,TOA PAYOH,2 ROOM,54,LOR 5 TOA PAYOH,04 TO 06,43.0,Standard,1967,40 years 09 months,275000.0,54 LOR 5 TOA PAYOH,310054,1.3373566637027,103.850390748824,2025-09-24
213500,2025-09,TOA PAYOH,3 ROOM,231,LOR 8 TOA PAYOH,01 TO 03,65.0,Improved,1976,50 years 02 months,350000.0,231 LOR 8 TOA PAYOH,310231,1.33696011414514,103.859489719839,2025-09-24
213683,2025-09,TOA PAYOH,4 ROOM,105A,BIDADARI PK DR,13 TO 15,94.0,Model A,2020,93 years 11 months,1175000.0,105A BIDADARI PK DR,341105,1.33400699237548,103.870430572231,2025-09-24
214264,2025-09,WOODLANDS,3 ROOM,311,WOODLANDS ST 31,10 TO 12,73.0,Model A,1993,67 years,468000.0,311 WOODLANDS ST 31,730311,1.43045857968039,103.77616959046,2025-09-24
214457,2025-09,WOODLANDS,4 ROOM,780E,WOODLANDS CRES,04 TO 06,92.0,Model A,2015,88 years 10 months,555000.0,780E WOODLANDS CRES,735780,1.44800009031143,103.801700391926,2025-09-24
214628,2025-09,WOODLANDS,4 ROOM,556,WOODLANDS DR 53,01 TO 03,102.0,Model A,1999,73 years 04 months,570000.0,556 WOODLANDS DR 53,730556,1.43292772923161,103.796012763361,2025-09-24
215400,2025-09,WOODLANDS,EXECUTIVE,647,WOODLANDS RING RD,07 TO 09,144.0,Maisonette,1998,71 years 11 months,958000.0,647 WOODLANDS RING RD,730647,1.43794258313459,103.801005117054,2025-09-24
215501,2025-09,YISHUN,2 ROOM,469A,YISHUN ST 43,07 TO 09,47.0,Model A,2019,93 years 02 months,390000.0,469A YISHUN ST 43,761469,1.42469407414992,103.852385726656,2025-09-24
215802,2025-09,YISHUN,3 ROOM,215,YISHUN ST 21,04 TO 06,67.0,New Generation,1985,58 years 04 months,450000.0,215 YISHUN ST 21,760215,1.43174084979873,103.835660042979,2025-09-24
216290,2025-09,YISHUN,4 ROOM,148,YISHUN ST 11,10 TO 12,93.0,New Generation,1985,59 years,560000.0,148 YISHUN ST 11,760148,1.43195018839118,103.832337855178,2025-09-24
216814,2025-09,YISHUN,EXECUTIVE,834,YISHUN ST 81,04 TO 06,146.0,Maisonette,1988,61 years 04 months,990000.0,834 YISHUN ST 81,760834,1.41508806992271,103.833999504365,2025-09-24
197163,2025-09,ANG MO KIO,3 ROOM,556,ANG MO KIO AVE 10,10 TO 12,68.0,New Generation,1980,53 years 04 months,400000.0,556 ANG MO KIO AVE 10,560556,1.37203236308683,103.857625375797,2025-09-25
197999,2025-09,BEDOK,3 ROOM,529,BEDOK NTH ST 3,10 TO 12,68.0,New Generation,1979,53 years,428000.0,529 BEDOK NTH ST 3,460529,1.33426946144275,103.926542284602,2025-09-25
198200,2025-09,BEDOK,4 ROOM,512,BEDOK NTH AVE 2,04 TO 06,92.0,New Generation,1979,52 years 10 months,510000.0,512 BEDOK NTH AVE 2,460512,1.33336715518929,103.929177675999,2025-09-25
198406,2025-09,BEDOK,4 ROOM,141,BEDOK RESERVOIR RD,07 TO 09,84.0,Simplified,1986,60 years 02 months,575000.0,141 BEDOK RESERVOIR RD,470141,1.33530647237824,103.913462151262,2025-09-25
198994,2025-09,BISHAN,EXECUTIVE,231,BISHAN ST 23,01 TO 03,146.0,Maisonette,1992,65 years 07 months,1105000.0,231 BISHAN ST 23,570231,1.35729122854977,103.845845690555,2025-09-25
199125,2025-09,BUKIT BATOK,3 ROOM,249,BT BATOK EAST AVE 5,04 TO 06,73.0,Model A,1985,58 years 06 months,435000.0,249 BT BATOK EAST AVE 5,650249,1.35061655709758,103.756564159717,2025-09-25
199170,2025-09,BUKIT BATOK,3 ROOM,302,BT BATOK ST 31,01 TO 03,65.0,Simplified,1985,59 years 01 month,380000.0,302 BT BATOK ST 31,650302,1.35711725438592,103.748423168363,2025-09-25
199565,2025-09,BUKIT BATOK,4 ROOM,393,BT BATOK WEST AVE 5,10 TO 12,92.0,Model A,2004,78 years 01 month,601088.0,393 BT BATOK WEST AVE 5,650393,1.36649328120419,103.753112569115,2025-09-25
199728,2025-09,BUKIT BATOK,4 ROOM,443D,BT BATOK WEST AVE 8,13 TO 15,92.0,Model A,2019,92 years 06 months,703000.0,443D BT BATOK WEST AVE 8,654443,1.35559341715517,103.737118247972,2025-09-25
200192,2025-09,BUKIT MERAH,3 ROOM,132,JLN BT MERAH,04 TO 06,59.0,Improved,1975,48 years 08 months,300000.0,132 JLN BT MERAH,160132,1.27873808127932,103.828304288385,2025-09-25
200546,2025-09,BUKIT MERAH,4 ROOM,128,KIM TIAN RD,04 TO 06,88.0,Improved,1975,48 years 04 months,560000.0,128 KIM TIAN RD,160128,1.28152464770049,103.829054629386,2025-09-25
200547,2025-09,BUKIT MERAH,4 ROOM,128,KIM TIAN RD,13 TO 15,88.0,Improved,1975,48 years 04 months,610000.0,128 KIM TIAN RD,160128,1.28152464770049,103.829054629386,2025-09-25
200867,2025-09,BUKIT PANJANG,3 ROOM,633D,SENJA RD,13 TO 15,67.0,Model A,2013,87 years 03 months,540888.0,633D SENJA RD,674633,1.38461189714551,103.759602675107,2025-09-25
201677,2025-09,CHOA CHU KANG,4 ROOM,296B,CHOA CHU KANG AVE 2,10 TO 12,100.0,Premium Apartment,1999,72 years 10 months,550000.0,296B CHOA CHU KANG AVE 2,682296,1.37684772581631,103.741509048162,2025-09-25
202055,2025-09,CHOA CHU KANG,5 ROOM,808A,CHOA CHU KANG AVE 1,04 TO 06,112.0,Improved,2017,90 years 07 months,678000.0,808A CHOA CHU KANG AVE 1,681808,1.3754798756659,103.745373277908,2025-09-25
202335,2025-09,CHOA CHU KANG,5 ROOM,13,TECK WHYE LANE,22 TO 24,119.0,Improved,1979,52 years 04 months,643888.0,13 TECK WHYE LANE,680013,1.37894634652916,103.755847939018,2025-09-25
202756,2025-09,CLEMENTI,4 ROOM,113,CLEMENTI ST 13,10 TO 12,104.0,Model A,1984,58 years 01 month,760000.0,113 CLEMENTI ST 13,120113,1.32368401078529,103.77013234931,2025-09-25
202840,2025-09,CLEMENTI,5 ROOM,103,CLEMENTI ST 14,07 TO 09,121.0,Improved,1984,58 years 03 months,835000.0,103 CLEMENTI ST 14,120103,1.32258854750628,103.769176205799,2025-09-25
202868,2025-09,GEYLANG,2 ROOM,70,CIRCUIT RD,01 TO 03,45.0,Standard,1969,42 years 04 months,295000.0,70 CIRCUIT RD,370070,1.32519591330303,103.888039969791,2025-09-25
203472,2025-09,HOUGANG,3 ROOM,410,HOUGANG AVE 10,01 TO 03,67.0,New Generation,1985,59 years,435000.0,410 HOUGANG AVE 10,530410,1.37388589154893,103.894681773728,2025-09-25
203616,2025-09,HOUGANG,3 ROOM,645,HOUGANG AVE 8,10 TO 12,60.0,Improved,1987,60 years 04 months,400000.0,645 HOUGANG AVE 8,530645,1.37175994350777,103.88145598567,2025-09-25
203619,2025-09,HOUGANG,3 ROOM,211,HOUGANG ST 21,04 TO 06,81.0,New Generation,1985,59 years,570000.0,211 HOUGANG ST 21,530211,1.35962289225618,103.887717332865,2025-09-25
203862,2025-09,HOUGANG,4 ROOM,253,HOUGANG AVE 3,04 TO 06,104.0,New Generation,1984,58 years 01 month,580000.0,253 HOUGANG AVE 3,530253,1.36042828831936,103.892206900827,2025-09-25
204112,2025-09,HOUGANG,4 ROOM,473A,UPP SERANGOON CRES,13 TO 15,93.0,Model A,2017,90 years 09 months,728000.0,473A UPP SERANGOON CRES,531473,1.37682525094625,103.900641038235,2025-09-25
204713,2025-09,JURONG EAST,5 ROOM,405,PANDAN GDNS,10 TO 12,117.0,Standard,1979,53 years 01 month,605000.0,405 PANDAN GDNS,600405,1.31923420667707,103.749654325298,2025-09-25
204714,2025-09,JURONG EAST,5 ROOM,406,PANDAN GDNS,01 TO 03,104.0,Standard,1979,52 years 07 months,465000.0,406 PANDAN GDNS,600406,1.318821472571,103.74922637213,2025-09-25
205104,2025-09,JURONG WEST,4 ROOM,183D,BOON LAY AVE,10 TO 12,92.0,Model A,2015,88 years 04 months,620000.0,183D BOON LAY AVE,644183,1.34909289443558,103.709041526551,2025-09-25
205503,2025-09,JURONG WEST,4 ROOM,988A,JURONG WEST ST 93,16 TO 18,94.0,Premium Apartment,2008,81 years 11 months,628000.0,988A JURONG WEST ST 93,641988,1.33648744038913,103.695614521724,2025-09-25
206145,2025-09,KALLANG/WHAMPOA,3 ROOM,68,GEYLANG BAHRU,16 TO 18,65.0,Improved,1974,47 years 10 months,450000.0,68 GEYLANG BAHRU,330068,1.32195385488883,103.869843391813,2025-09-25
206263,2025-09,KALLANG/WHAMPOA,3 ROOM,26A,ST. GEORGE'S LANE,10 TO 12,68.0,Model A,2020,93 years 08 months,820000.0,26A ST. GEORGE'S LANE,321026,1.32238824783966,103.862438814371,2025-09-25
206757,2025-09,MARINE PARADE,3 ROOM,19,MARINE TER,07 TO 09,65.0,Improved,1975,48 years 04 months,512000.0,19 MARINE TER,440019,1.30452210196584,103.915054010998,2025-09-25
208122,2025-09,PUNGGOL,4 ROOM,323D,SUMANG WALK,13 TO 15,93.0,Premium Apartment,2020,93 years 04 months,750888.0,323D SUMANG WALK,824323,1.41218811745694,103.897455703032,2025-09-25
208249,2025-09,PUNGGOL,5 ROOM,161B,PUNGGOL CTRL,01 TO 03,114.0,Premium Apartment,2004,77 years 08 months,640000.0,161B PUNGGOL CTRL,822161,1.39572273025553,103.915305978671,2025-09-25
208287,2025-09,PUNGGOL,5 ROOM,678C,PUNGGOL DR,13 TO 15,113.0,Premium Apartment,2016,90 years,915888.0,678C PUNGGOL DR,823678,1.40621179054688,103.90937278679,2025-09-25
208638,2025-09,QUEENSTOWN,3 ROOM,3,GHIM MOH RD,04 TO 06,65.0,Improved,1976,49 years 10 months,370000.0,3 GHIM MOH RD,270003,1.31199891286265,103.787189701148,2025-09-25
208970,2025-09,QUEENSTOWN,5 ROOM,83,STRATHMORE AVE,10 TO 12,125.0,Improved,1997,70 years 10 months,1178000.0,83 STRATHMORE AVE,141083,1.29464286416414,103.808263951097,2025-09-25
209061,2025-09,SEMBAWANG,2 ROOM,132B,CANBERRA VIEW,10 TO 12,47.0,Model A,2020,94 years,445000.0,132B CANBERRA VIEW,752132,1.44312045724646,103.831654222251,2025-09-25
209288,2025-09,SEMBAWANG,4 ROOM,116A,CANBERRA CRES,07 TO 09,92.0,Model A,2020,93 years 08 months,743899.0,116A CANBERRA CRES,751116,1.44537906713915,103.830020383661,2025-09-25
209613,2025-09,SEMBAWANG,4 ROOM,314,SEMBAWANG DR,01 TO 03,90.0,Model A2,1999,72 years 05 months,535000.0,314 SEMBAWANG DR,750314,1.44369870028224,103.821192155791,2025-09-25
209722,2025-09,SEMBAWANG,5 ROOM,311,CANBERRA RD,04 TO 06,120.0,Improved,1998,72 years 02 months,660000.0,311 CANBERRA RD,750311,1.44631806773829,103.822538328492,2025-09-25
210363,2025-09,SENGKANG,4 ROOM,290A,COMPASSVALE CRES,04 TO 06,90.0,Model A,2002,75 years 05 months,580000.0,290A COMPASSVALE CRES,541290,1.39607877196847,103.89672761336,2025-09-25
211562,2025-09,SERANGOON,3 ROOM,105,SERANGOON NTH AVE 1,04 TO 06,60.0,Improved,1985,58 years 07 months,390000.0,105 SERANGOON NTH AVE 1,550105,1.37024745860601,103.870225980491,2025-09-25
211908,2025-09,TAMPINES,3 ROOM,108,TAMPINES ST 11,07 TO 09,74.0,Model A,1984,57 years 10 months,488000.0,108 TAMPINES ST 11,521108,1.34786646438205,103.94856161626,2025-09-25
212109,2025-09,TAMPINES,4 ROOM,167C,SIMEI LANE,07 TO 09,94.0,DBSS,2011,84 years 06 months,885000.0,167C SIMEI LANE,523167,1.3430003993356,103.959413407916,2025-09-25
212474,2025-09,TAMPINES,4 ROOM,161,TAMPINES ST 12,07 TO 09,105.0,Model A,1984,58 years,670000.0,161 TAMPINES ST 12,521161,1.35000084839602,103.945978324355,2025-09-25
213470,2025-09,TOA PAYOH,3 ROOM,118,LOR 1 TOA PAYOH,01 TO 03,65.0,Improved,1968,41 years 09 months,355888.0,118 LOR 1 TOA PAYOH,310118,1.33956301707324,103.844893597061,2025-09-25
214717,2025-09,WOODLANDS,4 ROOM,772,WOODLANDS DR 60,04 TO 06,102.0,Model A,1997,71 years 02 months,540000.0,772 WOODLANDS DR 60,730772,1.44723371011331,103.798185250091,2025-09-25
215512,2025-09,WOODLANDS,EXECUTIVE,821,WOODLANDS ST 82,01 TO 03,177.0,Apartment,1995,68 years 06 months,1070000.0,821 WOODLANDS ST 82,730821,1.4408223847155,103.790164940634,2025-09-25
215791,2025-09,YISHUN,3 ROOM,107,YISHUN RING RD,04 TO 06,71.0,New Generation,1982,55 years 08 months,430000.0,107 YISHUN RING RD,760107,1.4322180811837,103.827520197458,2025-09-25
216423,2025-09,YISHUN,4 ROOM,275,YISHUN ST 22,01 TO 03,90.0,Simplified,1986,59 years 04 months,500000.0,275 YISHUN ST 22,760275,1.43775877119441,103.838690516562,2025-09-25
197156,2025-09,ANG MO KIO,3 ROOM,536,ANG MO KIO AVE 10,10 TO 12,68.0,New Generation,1980,53 years 05 months,400666.0,536 ANG MO KIO AVE 10,560536,1.37447378519738,103.854100515826,2025-09-26
198206,2025-09,BEDOK,4 ROOM,404,BEDOK NTH AVE 3,01 TO 03,92.0,New Generation,1980,53 years 07 months,530000.0,404 BEDOK NTH AVE 3,460404,1.32937492395032,103.933926939087,2025-09-26
198546,2025-09,BEDOK,5 ROOM,97,BEDOK NTH AVE 4,25 TO 27,125.0,Standard,1978,52 years 02 months,750000.0,97 BEDOK NTH AVE 4,460097,1.33296577436017,103.939962571035,2025-09-26
198857,2025-09,BISHAN,4 ROOM,209,BISHAN ST 23,04 TO 06,103.0,Model A,1992,65 years 08 months,775000.0,209 BISHAN ST 23,570209,1.35554884726043,103.848541212741,2025-09-26
198875,2025-09,BISHAN,4 ROOM,273B,BISHAN ST 24,34 TO 36,95.0,DBSS,2011,84 years 11 months,1050000.0,273B BISHAN ST 24,572273,1.35607299328811,103.843470177697,2025-09-26
198937,2025-09,BISHAN,5 ROOM,293,BISHAN ST 22,19 TO 21,123.0,Premium Apartment,1998,71 years 09 months,1133000.0,293 BISHAN ST 22,570293,1.35628009744133,103.845894054401,2025-09-26
199063,2025-09,BUKIT BATOK,2 ROOM,448A,BT BATOK WEST AVE 9,07 TO 09,47.0,Model A,2019,92 years 06 months,375000.0,448A BT BATOK WEST AVE 9,651448,1.35286511774512,103.740438584574,2025-09-26
199101,2025-09,BUKIT BATOK,3 ROOM,265,BT BATOK EAST AVE 4,07 TO 09,82.0,New Generation,1985,59 years 01 month,427000.0,265 BT BATOK EAST AVE 4,650265,1.3500084019244,103.759862833782,2025-09-26
199382,2025-09,BUKIT BATOK,4 ROOM,292B,BT BATOK EAST AVE 6,10 TO 12,93.0,Model A,2019,92 years 04 months,710000.0,292B BT BATOK EAST AVE 6,652292,1.34477953186313,103.753961675829,2025-09-26
199569,2025-09,BUKIT BATOK,4 ROOM,435C,BT BATOK WEST AVE 5,01 TO 03,93.0,Model A,2020,93 years 05 months,610000.0,435C BT BATOK WEST AVE 5,653435,1.35830193962809,103.739753503555,2025-09-26
199803,2025-09,BUKIT BATOK,5 ROOM,293B,BT BATOK ST 21,28 TO 30,113.0,Improved,2019,92 years 04 months,940000.0,293B BT BATOK ST 21,652293,1.34594925522117,103.754248349899,2025-09-26
199834,2025-09,BUKIT BATOK,5 ROOM,331,BT BATOK ST 33,07 TO 09,122.0,Improved,1986,60 years 02 months,650000.0,331 BT BATOK ST 33,650331,1.36361186600798,103.747645306633,2025-09-26
199867,2025-09,BUKIT BATOK,5 ROOM,514,BT BATOK ST 52,07 TO 09,122.0,Improved,1986,60 years 02 months,663000.0,514 BT BATOK ST 52,650514,1.3544681944625,103.752589182658,2025-09-26
200413,2025-09,BUKIT MERAH,4 ROOM,4,DELTA AVE,16 TO 18,91.0,New Generation,1985,59 years,808000.0,4 DELTA AVE,161004,1.29182862424357,103.826545813025,2025-09-26
200653,2025-09,BUKIT MERAH,4 ROOM,90A,TELOK BLANGAH ST 31,25 TO 27,93.0,Model A,2018,92 years 03 months,1020888.0,90A TELOK BLANGAH ST 31,101090,1.27773457800288,103.807093263136,2025-09-26
200725,2025-09,BUKIT MERAH,5 ROOM,27B,JLN MEMBINA,07 TO 09,110.0,Improved,2008,82 years 01 month,1138000.0,27B JLN MEMBINA,164027,1.28290865549123,103.824868037687,2025-09-26
200754,2025-09,BUKIT MERAH,5 ROOM,87,REDHILL CL,10 TO 12,137.0,Model A,1995,68 years 04 months,1250000.0,87 REDHILL CL,150087,1.28603089023714,103.819023673783,2025-09-26
202365,2025-09,CHOA CHU KANG,EXECUTIVE,282,CHOA CHU KANG AVE 3,13 TO 15,144.0,Apartment,1992,65 years 10 months,865000.0,282 CHOA CHU KANG AVE 3,680282,1.38025443409642,103.743214351168,2025-09-26
202552,2025-09,CLEMENTI,3 ROOM,327,CLEMENTI AVE 5,10 TO 12,67.0,New Generation,1978,51 years 11 months,470000.0,327 CLEMENTI AVE 5,120327,1.31398325156569,103.766533052946,2025-09-26
203022,2025-09,GEYLANG,3 ROOM,18D,CIRCUIT RD,13 TO 15,67.0,Model A,2016,90 years 02 months,748000.0,18D CIRCUIT RD,374018,1.32940434763773,103.889196979567,2025-09-26
203023,2025-09,GEYLANG,3 ROOM,62,CIRCUIT RD,07 TO 09,56.0,Standard,1967,40 years 04 months,335000.0,62 CIRCUIT RD,370062,1.326222259788,103.887117045252,2025-09-26
203850,2025-09,HOUGANG,4 ROOM,447,HOUGANG AVE 10,04 TO 06,109.0,Model A,1990,63 years 07 months,620000.0,447 HOUGANG AVE 10,530447,1.37952212282495,103.894768065848,2025-09-26
204282,2025-09,HOUGANG,5 ROOM,373,HOUGANG ST 31,16 TO 18,122.0,Improved,2000,73 years 04 months,922000.0,373 HOUGANG ST 31,530373,1.36268196108362,103.890391265295,2025-09-26
204381,2025-09,HOUGANG,EXECUTIVE,446,HOUGANG AVE 8,10 TO 12,148.0,Maisonette,1991,64 years 10 months,1100000.0,446 HOUGANG AVE 8,530446,1.37880458762233,103.894283804483,2025-09-26
205366,2025-09,JURONG WEST,4 ROOM,678A,JURONG WEST ST 64,16 TO 18,92.0,Premium Apartment,2008,81 years 09 months,590000.0,678A JURONG WEST ST 64,641678,1.34508009611217,103.704400730049,2025-09-26
206205,2025-09,KALLANG/WHAMPOA,3 ROOM,2,JLN BATU,10 TO 12,60.0,Standard,1969,42 years 04 months,360000.0,2 JLN BATU,431002,1.30315437968651,103.883912023247,2025-09-26
206639,2025-09,KALLANG/WHAMPOA,5 ROOM,13,FARRER PK RD,04 TO 06,110.0,Improved,2004,77 years 09 months,905000.0,13 FARRER PK RD,210013,1.311600762123,103.851400079336,2025-09-26
207594,2025-09,PUNGGOL,4 ROOM,120B,EDGEDALE PLAINS,13 TO 15,93.0,Model A,2017,90 years 08 months,650000.0,120B EDGEDALE PLAINS,822120,1.3948377810528,103.907584681234,2025-09-26
207988,2025-09,PUNGGOL,4 ROOM,195B,PUNGGOL RD,07 TO 09,90.0,Premium Apartment,2007,80 years 11 months,618000.0,195B PUNGGOL RD,822195,1.40137201164347,103.906485652921,2025-09-26
208249,2025-09,PUNGGOL,5 ROOM,116,EDGEFIELD PLAINS,10 TO 12,112.0,Premium Apartment,2003,76 years 09 months,630000.0,116 EDGEFIELD PLAINS,820116,1.39541568018681,103.906912210986,2025-09-26
208531,2025-09,PUNGGOL,EXECUTIVE,114,EDGEFIELD PLAINS,07 TO 09,130.0,Premium Apartment,2003,76 years 10 months,800000.0,114 EDGEFIELD PLAINS,820114,1.39579971783121,103.907555598729,2025-09-26
208545,2025-09,QUEENSTOWN,2 ROOM,81,C'WEALTH CL,13 TO 15,46.0,Standard,1967,40 years 04 months,298000.0,81 C'WEALTH CL,140081,1.303787443937,103.800385265974,2025-09-26
208670,2025-09,QUEENSTOWN,3 ROOM,1,GHIM MOH RD,07 TO 09,65.0,Improved,1976,49 years 10 months,398000.0,1 GHIM MOH RD,270001,1.31287975684307,103.786855017635,2025-09-26
208821,2025-09,QUEENSTOWN,4 ROOM,89,DAWSON RD,16 TO 18,109.0,Premium Apartment Loft,2016,89 years 07 months,1245000.0,89 DAWSON RD,142089,1.29546316937491,103.811785236884,2025-09-26
209525,2025-09,SEMBAWANG,4 ROOM,129A,CANBERRA ST,04 TO 06,93.0,Model A,2018,92 years 01 month,645000.0,129A CANBERRA ST,751129,1.44525782010492,103.832559693596,2025-09-26
209549,2025-09,SEMBAWANG,4 ROOM,108C,CANBERRA WALK,04 TO 06,93.0,Model A,2018,91 years 08 months,662000.0,108C CANBERRA WALK,753108,1.44735330149199,103.831796158318,2025-09-26
209877,2025-09,SEMBAWANG,5 ROOM,319,SEMBAWANG CL,04 TO 06,119.0,Improved,1999,72 years 08 months,715000.0,319 SEMBAWANG CL,750319,1.44625182986363,103.8192531663,2025-09-26
209907,2025-09,SEMBAWANG,5 ROOM,313,SEMBAWANG DR,01 TO 03,120.0,Improved,1999,72 years 05 months,590000.0,313 SEMBAWANG DR,750313,1.44447224601627,103.821707282924,2025-09-26
210519,2025-09,SENGKANG,4 ROOM,277B,COMPASSVALE LINK,07 TO 09,90.0,Premium Apartment,2009,82 years 09 months,842000.0,277B COMPASSVALE LINK,542277,1.38233665875831,103.894510804136,2025-09-26
210520,2025-09,SENGKANG,4 ROOM,277B,COMPASSVALE LINK,07 TO 09,90.0,Premium Apartment,2009,82 years 09 months,845000.0,277B COMPASSVALE LINK,542277,1.38233665875831,103.894510804136,2025-09-26
210848,2025-09,SENGKANG,4 ROOM,272D,SENGKANG CTRL,07 TO 09,90.0,Premium Apartment,2009,83 years 04 months,835000.0,272D SENGKANG CTRL,544272,1.38393100526784,103.893564426812,2025-09-26
211121,2025-09,SENGKANG,5 ROOM,286B,COMPASSVALE CRES,10 TO 12,113.0,Premium Apartment,2017,91 years 02 months,836500.0,286B COMPASSVALE CRES,542286,1.39755063670988,103.895593236308,2025-09-26
212204,2025-09,TAMPINES,4 ROOM,101,SIMEI ST 1,10 TO 12,104.0,Model A,1988,62 years,680000.0,101 SIMEI ST 1,520101,1.34084991073361,103.951433717517,2025-09-26
212229,2025-09,TAMPINES,4 ROOM,890C,TAMPINES AVE 1,07 TO 09,93.0,Model A,2015,89 years,801888.0,890C TAMPINES AVE 1,523890,1.34731357875035,103.933767368291,2025-09-26
212248,2025-09,TAMPINES,4 ROOM,807,TAMPINES AVE 4,07 TO 09,104.0,Model A,1984,57 years 07 months,628000.0,807 TAMPINES AVE 4,520807,1.34586624483884,103.936093443277,2025-09-26
213531,2025-09,TOA PAYOH,3 ROOM,96,LOR 3 TOA PAYOH,13 TO 15,68.0,Improved,1970,43 years 04 months,378000.0,96 LOR 3 TOA PAYOH,310096,1.33862406463359,103.848379785457,2025-09-26
215576,2025-09,WOODLANDS,EXECUTIVE,865,WOODLANDS ST 83,10 TO 12,146.0,Apartment,1996,69 years 07 months,865000.0,865 WOODLANDS ST 83,730865,1.44099129535005,103.792791376738,2025-09-26
215691,2025-09,YISHUN,3 ROOM,671A,YISHUN AVE 4,01 TO 03,68.0,Model A,2018,91 years 04 months,492000.0,671A YISHUN AVE 4,761671,1.41897568011422,103.842333395726,2025-09-26
216188,2025-09,YISHUN,4 ROOM,663,YISHUN AVE 4,10 TO 12,85.0,Simplified,1987,61 years,538000.0,663 YISHUN AVE 4,760663,1.41988631262944,103.84005176953,2025-09-26
216499,2025-09,YISHUN,4 ROOM,335B,YISHUN ST 31,10 TO 12,92.0,Model A,2015,89 years 02 months,620888.0,335B YISHUN ST 31,762335,1.43284184188975,103.844333075878,2025-09-26
197996,2025-09,BEDOK,3 ROOM,532,BEDOK NTH ST 3,13 TO 15,68.0,New Generation,1980,53 years 04 months,410000.0,532 BEDOK NTH ST 3,460532,1.33419173917878,103.925386600613,2025-09-29
199736,2025-09,BUKIT BATOK,4 ROOM,445A,BT BATOK WEST AVE 8,04 TO 06,92.0,Model A,2019,92 years 05 months,675000.0,445A BT BATOK WEST AVE 8,651445,1.35097419119069,103.739240258216,2025-09-29
199770,2025-09,BUKIT BATOK,4 ROOM,460D,BT BATOK WEST AVE 9,10 TO 12,93.0,Model A,2020,93 years 08 months,688000.0,460D BT BATOK WEST AVE 9,654460,1.35357038229401,103.740214836034,2025-09-29
200018,2025-09,BUKIT BATOK,EXECUTIVE,141,BT BATOK ST 11,13 TO 15,155.0,Maisonette,1984,58 years 03 months,988000.0,141 BT BATOK ST 11,650141,1.35044171803071,103.743212010475,2025-09-29
201001,2025-09,BUKIT PANJANG,4 ROOM,182,JELEBU RD,28 TO 30,90.0,Premium Apartment,2003,76 years 08 months,848000.0,182 JELEBU RD,670182,1.37984403992366,103.763409218035,2025-09-29
201249,2025-09,BUKIT PANJANG,5 ROOM,165,GANGSA RD,19 TO 21,122.0,Improved,1998,71 years 08 months,918000.0,165 GANGSA RD,670165,1.37685096970547,103.765123697174,2025-09-29
201578,2025-09,CENTRAL AREA,4 ROOM,1E,CANTONMENT RD,46 TO 48,93.0,Type S1,2011,84 years 04 months,1490000.0,1E CANTONMENT RD,85501,1.27662168427368,103.841156142262,2025-09-29
203356,2025-09,GEYLANG,5 ROOM,330,UBI AVE 1,04 TO 06,122.0,Improved,1985,59 years 03 months,635000.0,330 UBI AVE 1,400330,1.32650643553954,103.904049563769,2025-09-29
203437,2025-09,HOUGANG,3 ROOM,995A,BUANGKOK CRES,07 TO 09,68.0,Model A,2019,93 years,545000.0,995A BUANGKOK CRES,531995,1.38653819652798,103.882403903763,2025-09-29
203555,2025-09,HOUGANG,3 ROOM,661,HOUGANG AVE 4,01 TO 03,74.0,Model A,1987,60 years 07 months,470000.0,661 HOUGANG AVE 4,530661,1.37402568701988,103.882804051972,2025-09-29
204099,2025-09,HOUGANG,4 ROOM,912,HOUGANG ST 91,07 TO 09,100.0,Model A,1997,71 years 02 months,590000.0,912 HOUGANG ST 91,530912,1.37849281015329,103.884016382567,2025-09-29
204295,2025-09,HOUGANG,5 ROOM,160,HOUGANG ST 11,01 TO 03,122.0,Improved,1997,71 years 03 months,770000.0,160 HOUGANG ST 11,530160,1.35202640347162,103.879078569569,2025-09-29
205033,2025-09,JURONG WEST,3 ROOM,561A,JURONG WEST ST 42,07 TO 09,68.0,Model A,2018,91 years 05 months,488000.0,561A JURONG WEST ST 42,641561,1.354294109695,103.719755141086,2025-09-29
205862,2025-09,JURONG WEST,5 ROOM,609,JURONG WEST ST 65,04 TO 06,115.0,Premium Apartment,2001,74 years 08 months,660000.0,609 JURONG WEST ST 65,640609,1.33793586799435,103.700586485479,2025-09-29
205863,2025-09,JURONG WEST,5 ROOM,674B,JURONG WEST ST 65,07 TO 09,110.0,Improved,2002,76 years 03 months,618000.0,674B JURONG WEST ST 65,642674,1.34513373209401,103.702060183249,2025-09-29
205870,2025-09,JURONG WEST,5 ROOM,745,JURONG WEST ST 73,01 TO 03,122.0,Improved,1990,63 years 10 months,608000.0,745 JURONG WEST ST 73,640745,1.3470129261942,103.697949461953,2025-09-29
206222,2025-09,KALLANG/WHAMPOA,3 ROOM,34,JLN BAHAGIA,01 TO 03,53.0,Standard,1970,43 years 09 months,295000.0,34 JLN BAHAGIA,320034,1.32698180867095,103.857761761594,2025-09-29
206367,2025-09,KALLANG/WHAMPOA,3 ROOM,74,WHAMPOA DR,07 TO 09,66.0,Improved,1981,54 years 09 months,390000.0,74 WHAMPOA DR,320074,1.32471579654689,103.857752875203,2025-09-29
206978,2025-09,PASIR RIS,4 ROOM,417,PASIR RIS DR 6,01 TO 03,105.0,Model A,1990,63 years 04 months,620000.0,417 PASIR RIS DR 6,510417,1.37193962542694,103.955451668479,2025-09-29
208248,2025-09,PUNGGOL,5 ROOM,661B,EDGEDALE PLAINS,16 TO 18,112.0,Premium Apartment,2017,90 years 08 months,850000.0,661B EDGEDALE PLAINS,822661,1.40248564833205,103.916751438225,2025-09-29
211071,2025-09,SENGKANG,5 ROOM,304A,ANCHORVALE LINK,04 TO 06,110.0,Improved,2002,75 years 04 months,632000.0,304A ANCHORVALE LINK,541304,1.38789185501916,103.888922314482,2025-09-29
212643,2025-09,TAMPINES,4 ROOM,342,TAMPINES ST 33,07 TO 09,108.0,Model A,1995,69 years 03 months,618888.0,342 TAMPINES ST 33,520342,1.35114570469273,103.961798123148,2025-09-29
212692,2025-09,TAMPINES,4 ROOM,446,TAMPINES ST 42,10 TO 12,104.0,Model A,1985,58 years 09 months,640000.0,446 TAMPINES ST 42,520446,1.35794464402799,103.950999070017,2025-09-29
213117,2025-09,TAMPINES,5 ROOM,160,TAMPINES ST 12,01 TO 03,121.0,Improved,1984,57 years 07 months,788000.0,160 TAMPINES ST 12,521160,1.35070236635392,103.945183618846,2025-09-29
213191,2025-09,TAMPINES,5 ROOM,367,TAMPINES ST 34,01 TO 03,120.0,Improved,1997,70 years 08 months,726888.0,367 TAMPINES ST 34,520367,1.35861946074158,103.960788620104,2025-09-29
213738,2025-09,TOA PAYOH,3 ROOM,262,TOA PAYOH EAST,22 TO 24,68.0,Model A,2019,93 years 03 months,768000.0,262 TOA PAYOH EAST,310262,1.33320440397645,103.855618262704,2025-09-29
213897,2025-09,TOA PAYOH,4 ROOM,156,LOR 1 TOA PAYOH,16 TO 18,101.0,Model A,1999,72 years 06 months,900000.0,156 LOR 1 TOA PAYOH,310156,1.33256473217629,103.845206893398,2025-09-29
213915,2025-09,TOA PAYOH,4 ROOM,138C,LOR 1A TOA PAYOH,19 TO 21,91.0,DBSS,2012,85 years 08 months,1053000.0,138C LOR 1A TOA PAYOH,313138,1.33626413671063,103.844907413472,2025-09-29
214623,2025-09,WOODLANDS,4 ROOM,775,WOODLANDS CRES,01 TO 03,91.0,Model A2,1997,71 years 01 month,560000.0,775 WOODLANDS CRES,730775,1.44851537801544,103.799883743679,2025-09-29
215262,2025-09,WOODLANDS,5 ROOM,545,WOODLANDS DR 16,04 TO 06,115.0,Improved,2000,74 years,650000.0,545 WOODLANDS DR 16,730545,1.42925949095982,103.793591722892,2025-09-29
215263,2025-09,WOODLANDS,5 ROOM,580,WOODLANDS DR 16,10 TO 12,110.0,Improved,2001,74 years 07 months,635000.0,580 WOODLANDS DR 16,730580,1.43058440482082,103.796276091664,2025-09-29
215988,2025-09,YISHUN,3 ROOM,274,YISHUN ST 22,07 TO 09,74.0,Model A,1986,59 years 05 months,405000.0,274 YISHUN ST 22,760274,1.4374586662622,103.839039880371,2025-09-29
216452,2025-09,YISHUN,4 ROOM,855,YISHUN RING RD,07 TO 09,104.0,Model A,1988,62 years 03 months,598000.0,855 YISHUN RING RD,760855,1.41708100677982,103.83694222437,2025-09-29
216472,2025-09,YISHUN,4 ROOM,123,YISHUN ST 11,07 TO 09,95.0,New Generation,1985,58 years 10 months,518888.0,123 YISHUN ST 11,760123,1.43457263947313,103.831796919201,2025-09-29
216919,2025-09,YISHUN,5 ROOM,502D,YISHUN ST 51,07 TO 09,112.0,Improved,2018,91 years 04 months,770000.0,502D YISHUN ST 51,764502,1.41733258969906,103.840861112656,2025-09-29
197165,2025-09,ANG MO KIO,3 ROOM,468,ANG MO KIO AVE 10,04 TO 06,67.0,New Generation,1979,53 years 03 months,418000.0,468 ANG MO KIO AVE 10,560468,1.36487674599293,103.856287317569,2025-09-30
197598,2025-09,ANG MO KIO,4 ROOM,260A,ANG MO KIO ST 21,01 TO 03,93.0,Model A,2018,91 years 09 months,830000.0,260A ANG MO KIO ST 21,561260,1.36928934819166,103.834131942869,2025-09-30
198524,2025-09,BEDOK,4 ROOM,654,JLN TENAGA,10 TO 12,108.0,Model A,1996,70 years 02 months,730000.0,654 JLN TENAGA,410654,1.33297827681453,103.90694508249,2025-09-30
199062,2025-09,BUKIT BATOK,2 ROOM,440A,BT BATOK WEST AVE 8,04 TO 06,37.0,Model A,2019,92 years 06 months,346000.0,440A BT BATOK WEST AVE 8,651440,1.35522654404615,103.738772439227,2025-09-30
199503,2025-09,BUKIT BATOK,4 ROOM,319,BT BATOK ST 33,04 TO 06,103.0,Model A,1986,60 years,508888.0,319 BT BATOK ST 33,650319,1.36139508011177,103.746516655571,2025-09-30
199753,2025-09,BUKIT BATOK,4 ROOM,438A,BT BATOK WEST AVE 8,07 TO 09,93.0,Model A,2020,93 years 05 months,690000.0,438A BT BATOK WEST AVE 8,651438,1.3574856237206,103.740845096872,2025-09-30
200866,2025-09,BUKIT PANJANG,3 ROOM,113,PENDING RD,01 TO 03,73.0,Model A,1988,61 years 06 months,422000.0,113 PENDING RD,670113,1.37838181779224,103.769359493878,2025-09-30
200899,2025-09,BUKIT PANJANG,3 ROOM,550A,SEGAR RD,04 TO 06,67.0,Model A,2015,89 years 03 months,475000.0,550A SEGAR RD,671550,1.38911206246444,103.767301515652,2025-09-30
201498,2025-09,CENTRAL AREA,2 ROOM,32,NEW MKT RD,07 TO 09,52.0,Standard,1983,56 years 06 months,395000.0,32 NEW MKT RD,50032,1.28485860802646,103.842578771054,2025-09-30
201536,2025-09,CENTRAL AREA,3 ROOM,2,TG PAGAR PLAZA,04 TO 06,70.0,Improved,1977,50 years 06 months,610000.0,2 TG PAGAR PLAZA,82002,1.27523683085708,103.842605335418,2025-09-30
201601,2025-09,CENTRAL AREA,4 ROOM,1D,CANTONMENT RD,22 TO 24,96.0,Type S1,2011,84 years 05 months,1300000.0,1D CANTONMENT RD,85401,1.27692024304713,103.841485788369,2025-09-30
201626,2025-09,CENTRAL AREA,5 ROOM,1A,CANTONMENT RD,40 TO 42,107.0,Type S2,2011,84 years 04 months,1590000.0,1A CANTONMENT RD,85101,1.27784271048219,103.840965923691,2025-09-30
201853,2025-09,CHOA CHU KANG,4 ROOM,489A,CHOA CHU KANG AVE 5,10 TO 12,93.0,Model A,2016,89 years 09 months,620000.0,489A CHOA CHU KANG AVE 5,681489,1.37560094818422,103.740360009689,2025-09-30
201926,2025-09,CHOA CHU KANG,4 ROOM,685C,CHOA CHU KANG CRES,16 TO 18,85.0,Model A2,2002,76 years 01 month,508000.0,685C CHOA CHU KANG CRES,683685,1.40349428170579,103.748677231954,2025-09-30
202032,2025-09,CHOA CHU KANG,4 ROOM,150,JLN TECK WHYE,10 TO 12,100.0,Model A,1998,71 years 04 months,575000.0,150 JLN TECK WHYE,680150,1.37820351130765,103.756450878128,2025-09-30
202947,2025-09,GEYLANG,3 ROOM,106,ALJUNIED CRES,04 TO 06,67.0,New Generation,1979,52 years 04 months,460000.0,106 ALJUNIED CRES,380106,1.31905494962151,103.882900918125,2025-09-30
203362,2025-09,GEYLANG,5 ROOM,413,EUNOS RD 5,01 TO 03,145.0,Model A,1992,66 years,1058888.0,413 EUNOS RD 5,400413,1.31851757833444,103.898787544418,2025-09-30
203390,2025-09,GEYLANG,5 ROOM,352,UBI AVE 1,10 TO 12,122.0,Improved,1989,62 years 05 months,720000.0,352 UBI AVE 1,400352,1.32522701807049,103.899400226499,2025-09-30
204450,2025-09,HOUGANG,EXECUTIVE,374,HOUGANG ST 31,04 TO 06,144.0,Apartment,2000,73 years 04 months,1095000.0,374 HOUGANG ST 31,530374,1.3628692399121,103.889828423028,2025-09-30
204559,2025-09,JURONG EAST,3 ROOM,248,JURONG EAST ST 24,10 TO 12,67.0,New Generation,1983,56 years 06 months,392000.0,248 JURONG EAST ST 24,600248,1.34227314416197,103.740101369089,2025-09-30
204927,2025-09,JURONG WEST,3 ROOM,187,BOON LAY AVE,13 TO 15,59.0,Improved,1978,51 years 10 months,350000.0,187 BOON LAY AVE,640187,1.34505773588933,103.710699802755,2025-09-30
205496,2025-09,JURONG WEST,4 ROOM,750,JURONG WEST ST 73,04 TO 06,107.0,Model A,1993,67 years 04 months,510000.0,750 JURONG WEST ST 73,640750,1.34793711637819,103.699191887798,2025-09-30
205948,2025-09,JURONG WEST,5 ROOM,832,JURONG WEST ST 81,04 TO 06,127.0,Improved,1993,67 years,615000.0,832 JURONG WEST ST 81,640832,1.34402411393529,103.695220414893,2025-09-30
206007,2025-09,JURONG WEST,5 ROOM,330,TAH CHING RD,04 TO 06,121.0,Improved,1997,71 years,640088.0,330 TAH CHING RD,610330,1.33766746069838,103.724154795838,2025-09-30
206412,2025-09,KALLANG/WHAMPOA,3 ROOM,75,WHAMPOA DR,01 TO 03,76.0,Improved,1974,47 years 04 months,394688.0,75 WHAMPOA DR,320075,1.32441875533381,103.858185074994,2025-09-30
207070,2025-09,PASIR RIS,4 ROOM,229,PASIR RIS ST 21,10 TO 12,107.0,Model A,1993,66 years 10 months,630000.0,229 PASIR RIS ST 21,510229,1.37268934784977,103.961780559341,2025-09-30
207586,2025-09,PUNGGOL,3 ROOM,220C,SUMANG LANE,16 TO 18,68.0,Model A,2018,92 years 04 months,570000.0,220C SUMANG LANE,823220,1.40161130737572,103.89600275308,2025-09-30
207720,2025-09,PUNGGOL,4 ROOM,104A,EDGEFIELD PLAINS,10 TO 12,90.0,Model A,2003,76 years 08 months,555000.0,104A EDGEFIELD PLAINS,821104,1.3968057047795,103.905054187798,2025-09-30
207722,2025-09,PUNGGOL,4 ROOM,673A,EDGEFIELD PLAINS,04 TO 06,90.0,Model A,2015,89 years 03 months,610000.0,673A EDGEFIELD PLAINS,821673,1.40667672210889,103.911613297113,2025-09-30
209734,2025-09,SEMBAWANG,4 ROOM,479,SEMBAWANG DR,01 TO 03,88.0,Model A2,2000,73 years 10 months,490000.0,479 SEMBAWANG DR,750479,1.45244222327433,103.815808054796,2025-09-30
210100,2025-09,SENGKANG,2 ROOM,351C,ANCHORVALE RD,01 TO 03,47.0,2-room,2019,92 years 08 months,398000.0,351C ANCHORVALE RD,543351,1.39374569827639,103.886901767563,2025-09-30
210305,2025-09,SENGKANG,4 ROOM,334B,ANCHORVALE CRES,07 TO 09,92.0,Premium Apartment,2015,89 years 03 months,720000.0,334B ANCHORVALE CRES,542334,1.39846172684413,103.889969214694,2025-09-30
210632,2025-09,SENGKANG,4 ROOM,203A,COMPASSVALE RD,10 TO 12,90.0,Model A,2000,74 years 03 months,615000.0,203A COMPASSVALE RD,541203,1.3864692312008,103.895407767764,2025-09-30
210856,2025-09,SENGKANG,4 ROOM,158D,RIVERVALE CRES,01 TO 03,90.0,Premium Apartment,2003,77 years,520000.0,158D RIVERVALE CRES,544158,1.38841932024871,103.907241901937,2025-09-30
211289,2025-09,SENGKANG,5 ROOM,262D,COMPASSVALE ST,07 TO 09,110.0,Improved,2001,74 years 04 months,761688.0,262D COMPASSVALE ST,544262,1.39424037512497,103.894971589081,2025-09-30
211605,2025-09,SENGKANG,EXECUTIVE,226C,COMPASSVALE WALK,13 TO 15,135.0,Apartment,1999,73 years 04 months,800000.0,226C COMPASSVALE WALK,543226,1.38825618618142,103.900017893677,2025-09-30
212221,2025-09,TAMPINES,3 ROOM,848,TAMPINES ST 82,10 TO 12,74.0,Model A,1985,59 years,501000.0,848 TAMPINES ST 82,520848,1.35247582900131,103.936057412249,2025-09-30
212916,2025-09,TAMPINES,4 ROOM,841,TAMPINES ST 83,04 TO 06,84.0,Simplified,1986,59 years 09 months,533000.0,841 TAMPINES ST 83,520841,1.35160924133047,103.934497019359,2025-09-30
213330,2025-09,TAMPINES,5 ROOM,741,TAMPINES ST 72,07 TO 09,122.0,Improved,1997,71 years 03 months,780766.0,741 TAMPINES ST 72,520741,1.36001177722698,103.933043781914,2025-09-30
213404,2025-09,TAMPINES,EXECUTIVE,230G,TAMPINES ST 21,10 TO 12,147.0,Apartment,1993,66 years 10 months,1035000.0,230G TAMPINES ST 21,521230,1.35616662159736,103.950300169319,2025-09-30
213474,2025-09,TAMPINES,EXECUTIVE,896A,TAMPINES ST 81,01 TO 03,146.0,Maisonette,1988,62 years 01 month,1010000.0,896A TAMPINES ST 81,521896,1.34859717844799,103.932546348288,2025-09-30
213766,2025-09,TOA PAYOH,3 ROOM,143,POTONG PASIR AVE 2,04 TO 06,74.0,Model A,1984,57 years 10 months,600000.0,143 POTONG PASIR AVE 2,350143,1.33290762111116,103.866168845292,2025-09-30
213967,2025-09,TOA PAYOH,4 ROOM,130B,LOR 1 TOA PAYOH,22 TO 24,93.0,Model A,2018,91 years 11 months,1160888.0,130B LOR 1 TOA PAYOH,312130,1.33737735210716,103.842656049195,2025-09-30
216827,2025-09,YISHUN,5 ROOM,346,YISHUN AVE 11,10 TO 12,121.0,Improved,1988,61 years 11 months,628000.0,346 YISHUN AVE 11,760346,1.42845935062473,103.843568800254,2025-09-30
